0.000000
0.000000
0.000001
0.000002
0.000004
0.000006
0.000008
0.000010
0.000012
0.000014
0.000016
0.000017
0.000018
0.000018
0.000017
0.000016
0.000014
0.000011
0.000008
0.000004
-0.000001
-0.000006
-0.000012
-0.000017
-0.000023
-0.000028
-0.000033
-0.000037
-0.000041
-0.000043
-0.000045
-0.000046
-0.000045
-0.000043
-0.000041
-0.000037
-0.000032
-0.000026
-0.000019
-0.000012
-0.000004
0.000004
0.000011
0.000019
0.000026
0.000032
0.000037
0.000042
0.000045
0.000047
0.000047
0.000046
0.000044
0.000040
0.000036
0.000030
0.000023
0.000015
0.000007
-0.000001
-0.000010
-0.000018
-0.000026
-0.000033
-0.000040
-0.000046
-0.000051
-0.000054
-0.000057
-0.000058
-0.000058
-0.000057
-0.000054
-0.000051
-0.000047
-0.000043
-0.000038
-0.000033
-0.000027
-0.000022
-0.000017
-0.000013
-0.000009
-0.000006
-0.000004
-0.000002
-0.000001
-0.000001
-0.000002
-0.000003
-0.000005
-0.000007
-0.000010
-0.000013
-0.000016
-0.000019
-0.000021
-0.000024
-0.000026
-0.000027
-0.000028
-0.000028
-0.000028
-0.000027
-0.000026
-0.000024
-0.000023
-0.000021
-0.000019
-0.000017
-0.000016
-0.000015
-0.000015
-0.000016
-0.000017
-0.000019
-0.000022
-0.000025
-0.000030
-0.000035
-0.000041
-0.000047
-0.000054
-0.000060
-0.000067
-0.000073
-0.000079
-0.000085
-0.000089
-0.000093
-0.000095
-0.000097
-0.000097
-0.000096
-0.000093
-0.000089
-0.000084
-0.000078
-0.000072
-0.000064
-0.000056
-0.000048
-0.000040
-0.000033
-0.000025
-0.000019
-0.000014
-0.000010
-0.000007
-0.000005
-0.000005
-0.000007
-0.000010
-0.000015
-0.000021
-0.000028
-0.000036
-0.000045
-0.000055
-0.000065
-0.000075
-0.000085
-0.000094
-0.000103
-0.000111
-0.000118
-0.000124
-0.000129
-0.000132
-0.000134
-0.000135
-0.000134
-0.000132
-0.000129
-0.000126
-0.000121
-0.000116
-0.000111
-0.000106
-0.000101
-0.000096
-0.000092
-0.000088
-0.000085
-0.000083
-0.000082
-0.000082
-0.000082
-0.000084
-0.000086
-0.000089
-0.000092
-0.000096
-0.000100
-0.000103
-0.000107
-0.000111
-0.000114
-0.000117
-0.000119
-0.000121
-0.000122
-0.000122
-0.000122
-0.000121
-0.000120
-0.000119
-0.000118
-0.000116
-0.000115
-0.000114
-0.000114
-0.000114
-0.000116
-0.000118
-0.000120
-0.000124
-0.000129
-0.000135
-0.000141
-0.000148
-0.000156
-0.000164
-0.000172
-0.000180
-0.000188
-0.000196
-0.000202
-0.000208
-0.000213
-0.000216
-0.000218
-0.000219
-0.000218
-0.000216
-0.000212
-0.000208
-0.000202
-0.000195
-0.000187
-0.000179
-0.000171
-0.000163
-0.000155
-0.000147
-0.000141
-0.000136
-0.000132
-0.000129
-0.000128
-0.000129
-0.000131
-0.000136
-0.000141
-0.000149
-0.000157
-0.000167
-0.000178
-0.000190
-0.000201
-0.000213
-0.000225
-0.000236
-0.000247
-0.000257
-0.000265
-0.000272
-0.000278
-0.000283
-0.000286
-0.000287
-0.000287
-0.000286
-0.000283
-0.000280
-0.000276
-0.000271
-0.000266
-0.000261
-0.000256
-0.000251
-0.000247
-0.000243
-0.000241
-0.000239
-0.000238
-0.000239
-0.000240
-0.000242
-0.000246
-0.000249
-0.000254
-0.000258
-0.000264
-0.000269
-0.000274
-0.000278
-0.000283
-0.000286
-0.000289
-0.000292
-0.000294
-0.000295
-0.000295
-0.000295
-0.000295
-0.000294
-0.000293
-0.000292
-0.000292
-0.000292
-0.000292
-0.000293
-0.000295
-0.000298
-0.000302
-0.000307
-0.000313
-0.000320
-0.000328
-0.000337
-0.000346
-0.000356
-0.000365
-0.000375
-0.000385
-0.000394
-0.000402
-0.000409
-0.000415
-0.000420
-0.000423
-0.000424
-0.000424
-0.000422
-0.000419
-0.000414
-0.000408
-0.000401
-0.000393
-0.000385
-0.000376
-0.000368
-0.000359
-0.000352
-0.000345
-0.000340
-0.000336
-0.000334
-0.000334
-0.000335
-0.000339
-0.000344
-0.000351
-0.000360
-0.000371
-0.000383
-0.000395
-0.000409
-0.000423
-0.000437
-0.000451
-0.000464
-0.000477
-0.000489
-0.000499
-0.000508
-0.000515
-0.000521
-0.000525
-0.000527
-0.000527
-0.000527
-0.000525
-0.000521
-0.000517
-0.000513
-0.000508
-0.000502
-0.000497
-0.000493
-0.000489
-0.000486
-0.000483
-0.000482
-0.000482
-0.000483
-0.000485
-0.000489
-0.000493
-0.000498
-0.000503
-0.000509
-0.000516
-0.000522
-0.000528
-0.000534
-0.000540
-0.000545
-0.000549
-0.000552
-0.000555
-0.000557
-0.000558
-0.000559
-0.000559
-0.000559
-0.000559
-0.000558
-0.000558
-0.000559
-0.000560
-0.000562
-0.000565
-0.000569
-0.000574
-0.000580
-0.000587
-0.000596
-0.000606
-0.000616
-0.000627
-0.000639
-0.000651
-0.000662
-0.000674
-0.000685
-0.000694
-0.000703
-0.000711
-0.000716
-0.000721
-0.000723
-0.000723
-0.000722
-0.000719
-0.000714
-0.000708
-0.000701
-0.000692
-0.000683
-0.000674
-0.000665
-0.000657
-0.000649
-0.000642
-0.000636
-0.000633
-0.000631
-0.000631
-0.000634
-0.000638
-0.000645
-0.000654
-0.000664
-0.000677
-0.000691
-0.000706
-0.000722
-0.000738
-0.000755
-0.000771
-0.000787
-0.000802
-0.000816
-0.000828
-0.000839
-0.000848
-0.000855
-0.000860
-0.000863
-0.000864
-0.000864
-0.000862
-0.000859
-0.000855
-0.000850
-0.000845
-0.000840
-0.000835
-0.000830
-0.000826
-0.000823
-0.000821
-0.000821
-0.000821
-0.000823
-0.000826
-0.000830
-0.000836
-0.000842
-0.000849
-0.000856
-0.000864
-0.000872
-0.000880
-0.000887
-0.000894
-0.000900
-0.000905
-0.000910
-0.000913
-0.000916
-0.000918
-0.000919
-0.000920
-0.000920
-0.000921
-0.000921
-0.000921
-0.000922
-0.000924
-0.000927
-0.000931
-0.000936
-0.000942
-0.000950
-0.000959
-0.000969
-0.000981
-0.000993
-0.001006
-0.001020
-0.001034
-0.001048
-0.001062
-0.001075
-0.001086
-0.001097
-0.001106
-0.001113
-0.001118
-0.001121
-0.001122
-0.001121
-0.001118
-0.001114
-0.001107
-0.001099
-0.001090
-0.001081
-0.001071
-0.001061
-0.001051
-0.001043
-0.001036
-0.001030
-0.001026
-0.001025
-0.001025
-0.001028
-0.001034
-0.001042
-0.001053
-0.001066
-0.001080
-0.001097
-0.001115
-0.001133
-0.001153
-0.001172
-0.001191
-0.001210
-0.001227
-0.001244
-0.001258
-0.001271
-0.001281
-0.001290
-0.001296
-0.001300
-0.001302
-0.001302
-0.001301
-0.001298
-0.001294
-0.001289
-0.001283
-0.001278
-0.001272
-0.001268
-0.001264
-0.001260
-0.001259
-0.001258
-0.001259
-0.001262
-0.001266
-0.001271
-0.001277
-0.001285
-0.001293
-0.001302
-0.001312
-0.001321
-0.001330
-0.001339
-0.001347
-0.001355
-0.001361
-0.001367
-0.001372
-0.001375
-0.001378
-0.001380
-0.001381
-0.001382
-0.001382
-0.001383
-0.001384
-0.001386
-0.001388
-0.001391
-0.001396
-0.001402
-0.001410
-0.001419
-0.001430
-0.001442
-0.001456
-0.001470
-0.001486
-0.001502
-0.001519
-0.001535
-0.001551
-0.001566
-0.001580
-0.001593
-0.001603
-0.001612
-0.001618
-0.001622
-0.001624
-0.001623
-0.001620
-0.001615
-0.001607
-0.001599
-0.001589
-0.001578
-0.001567
-0.001556
-0.001545
-0.001536
-0.001527
-0.001521
-0.001517
-0.001516
-0.001517
-0.001521
-0.001528
-0.001537
-0.001550
-0.001565
-0.001582
-0.001601
-0.001622
-0.001644
-0.001666
-0.001689
-0.001712
-0.001733
-0.001754
-0.001773
-0.001790
-0.001805
-0.001817
-0.001827
-0.001835
-0.001840
-0.001842
-0.001843
-0.001841
-0.001838
-0.001833
-0.001828
-0.001822
-0.001816
-0.001810
-0.001804
-0.001800
-0.001796
-0.001795
-0.001794
-0.001796
-0.001799
-0.001803
-0.001810
-0.001817
-0.001826
-0.001836
-0.001847
-0.001858
-0.001869
-0.001880
-0.001890
-0.001900
-0.001909
-0.001916
-0.001923
-0.001929
-0.001933
-0.001936
-0.001938
-0.001940
-0.001941
-0.001942
-0.001943
-0.001944
-0.001946
-0.001949
-0.001953
-0.001959
-0.001966
-0.001975
-0.001986
-0.001998
-0.002013
-0.002028
-0.002046
-0.002064
-0.002083
-0.002102
-0.002121
-0.002140
-0.002158
-0.002174
-0.002188
-0.002201
-0.002211
-0.002218
-0.002223
-0.002225
-0.002224
-0.002221
-0.002214
-0.002206
-0.002196
-0.002184
-0.002172
-0.002159
-0.002146
-0.002134
-0.002123
-0.002113
-0.002106
-0.002101
-0.002099
-0.002101
-0.002105
-0.002113
-0.002125
-0.002139
-0.002157
-0.002177
-0.002199
-0.002223
-0.002249
-0.002275
-0.002302
-0.002328
-0.002353
-0.002377
-0.002399
-0.002419
-0.002437
-0.002451
-0.002463
-0.002472
-0.002477
-0.002480
-0.002481
-0.002479
-0.002475
-0.002469
-0.002463
-0.002456
-0.002448
-0.002441
-0.002435
-0.002430
-0.002426
-0.002423
-0.002423
-0.002424
-0.002428
-0.002433
-0.002440
-0.002449
-0.002460
-0.002471
-0.002483
-0.002496
-0.002509
-0.002521
-0.002533
-0.002545
-0.002555
-0.002564
-0.002571
-0.002578
-0.002583
-0.002586
-0.002589
-0.002590
-0.002591
-0.002592
-0.002593
-0.002594
-0.002596
-0.002599
-0.002604
-0.002611
-0.002619
-0.002629
-0.002642
-0.002656
-0.002673
-0.002691
-0.002711
-0.002732
-0.002754
-0.002777
-0.002799
-0.002821
-0.002841
-0.002860
-0.002877
-0.002892
-0.002903
-0.002912
-0.002917
-0.002919
-0.002918
-0.002913
-0.002906
-0.002896
-0.002883
-0.002869
-0.002854
-0.002839
-0.002823
-0.002808
-0.002795
-0.002783
-0.002774
-0.002768
-0.002766
-0.002767
-0.002772
-0.002781
-0.002794
-0.002811
-0.002831
-0.002854
-0.002880
-0.002909
-0.002938
-0.002969
-0.003000
-0.003031
-0.003060
-0.003088
-0.003114
-0.003137
-0.003157
-0.003174
-0.003188
-0.003197
-0.003204
-0.003207
-0.003207
-0.003204
-0.003199
-0.003192
-0.003184
-0.003175
-0.003166
-0.003157
-0.003149
-0.003142
-0.003137
-0.003134
-0.003133
-0.003134
-0.003137
-0.003143
-0.003151
-0.003161
-0.003173
-0.003186
-0.003200
-0.003215
-0.003229
-0.003244
-0.003258
-0.003270
-0.003282
-0.003292
-0.003300
-0.003307
-0.003313
-0.003316
-0.003319
-0.003320
-0.003321
-0.003321
-0.003321
-0.003322
-0.003324
-0.003327
-0.003332
-0.003339
-0.003348
-0.003360
-0.003374
-0.003391
-0.003410
-0.003431
-0.003455
-0.003479
-0.003505
-0.003531
-0.003557
-0.003582
-0.003606
-0.003628
-0.003647
-0.003664
-0.003677
-0.003687
-0.003692
-0.003694
-0.003692
-0.003686
-0.003676
-0.003663
-0.003648
-0.003630
-0.003611
-0.003592
-0.003572
-0.003554
-0.003537
-0.003522
-0.003511
-0.003503
-0.003499
-0.003499
-0.003505
-0.003515
-0.003529
-0.003549
-0.003572
-0.003599
-0.003630
-0.003663
-0.003698
-0.003734
-0.003770
-0.003806
-0.003841
-0.003873
-0.003903
-0.003930
-0.003954
-0.003973
-0.003988
-0.003999
-0.004006
-0.004009
-0.004008
-0.004004
-0.003997
-0.003988
-0.003977
-0.003965
-0.003953
-0.003942
-0.003931
-0.003922
-0.003914
-0.003910
-0.003907
-0.003908
-0.003911
-0.003917
-0.003926
-0.003937
-0.003950
-0.003965
-0.003981
-0.003997
-0.004014
-0.004030
-0.004046
-0.004061
-0.004073
-0.004085
-0.004094
-0.004101
-0.004106
-0.004110
-0.004111
-0.004112
-0.004112
-0.004111
-0.004110
-0.004110
-0.004111
-0.004114
-0.004119
-0.004126
-0.004136
-0.004149
-0.004165
-0.004185
-0.004207
-0.004231
-0.004258
-0.004287
-0.004317
-0.004348
-0.004378
-0.004407
-0.004435
-0.004461
-0.004483
-0.004502
-0.004517
-0.004528
-0.004533
-0.004534
-0.004530
-0.004521
-0.004508
-0.004491
-0.004471
-0.004449
-0.004425
-0.004399
-0.004374
-0.004351
-0.004329
-0.004310
-0.004294
-0.004283
-0.004277
-0.004276
-0.004281
-0.004292
-0.004309
-0.004331
-0.004358
-0.004390
-0.004426
-0.004465
-0.004506
-0.004549
-0.004592
-0.004635
-0.004676
-0.004714
-0.004750
-0.004782
-0.004809
-0.004831
-0.004849
-0.004861
-0.004868
-0.004870
-0.004867
-0.004861
-0.004851
-0.004838
-0.004823
-0.004807
-0.004791
-0.004775
-0.004761
-0.004748
-0.004737
-0.004730
-0.004726
-0.004725
-0.004727
-0.004733
-0.004742
-0.004754
-0.004769
-0.004786
-0.004804
-0.004823
-0.004842
-0.004860
-0.004878
-0.004894
-0.004908
-0.004921
-0.004930
-0.004938
-0.004942
-0.004945
-0.004946
-0.004945
-0.004943
-0.004940
-0.004938
-0.004936
-0.004936
-0.004937
-0.004942
-0.004949
-0.004960
-0.004974
-0.004992
-0.005015
-0.005040
-0.005069
-0.005101
-0.005135
-0.005170
-0.005206
-0.005242
-0.005277
-0.005310
-0.005340
-0.005366
-0.005388
-0.005405
-0.005416
-0.005421
-0.005421
-0.005414
-0.005401
-0.005383
-0.005361
-0.005334
-0.005304
-0.005272
-0.005239
-0.005206
-0.005174
-0.005145
-0.005119
-0.005098
-0.005082
-0.005073
-0.005070
-0.005074
-0.005086
-0.005104
-0.005130
-0.005162
-0.005200
-0.005243
-0.005290
-0.005339
-0.005391
-0.005443
-0.005494
-0.005544
-0.005590
-0.005633
-0.005671
-0.005703
-0.005729
-0.005749
-0.005762
-0.005769
-0.005770
-0.005765
-0.005754
-0.005740
-0.005722
-0.005701
-0.005679
-0.005657
-0.005635
-0.005614
-0.005596
-0.005581
-0.005569
-0.005562
-0.005558
-0.005559
-0.005565
-0.005574
-0.005587
-0.005604
-0.005622
-0.005643
-0.005665
-0.005687
-0.005708
-0.005728
-0.005746
-0.005762
-0.005776
-0.005786
-0.005793
-0.005797
-0.005798
-0.005796
-0.005793
-0.005788
-0.005782
-0.005777
-0.005773
-0.005770
-0.005770
-0.005773
-0.005780
-0.005791
-0.005807
-0.005828
-0.005854
-0.005884
-0.005919
-0.005957
-0.005998
-0.006040
-0.006084
-0.006128
-0.006170
-0.006209
-0.006245
-0.006277
-0.006302
-0.006321
-0.006333
-0.006338
-0.006334
-0.006323
-0.006305
-0.006280
-0.006248
-0.006211
-0.006171
-0.006127
-0.006082
-0.006037
-0.005994
-0.005954
-0.005919
-0.005889
-0.005866
-0.005851
-0.005845
-0.005848
-0.005860
-0.005882
-0.005912
-0.005951
-0.005997
-0.006049
-0.006107
-0.006169
-0.006232
-0.006297
-0.006360
-0.006422
-0.006479
-0.006532
-0.006578
-0.006617
-0.006648
-0.006671
-0.006686
-0.006692
-0.006690
-0.006681
-0.006665
-0.006644
-0.006618
-0.006589
-0.006558
-0.006526
-0.006495
-0.006465
-0.006439
-0.006416
-0.006399
-0.006386
-0.006379
-0.006377
-0.006382
-0.006391
-0.006405
-0.006424
-0.006445
-0.006469
-0.006495
-0.006520
-0.006545
-0.006569
-0.006590
-0.006608
-0.006622
-0.006633
-0.006639
-0.006641
-0.006640
-0.006635
-0.006627
-0.006618
-0.006608
-0.006598
-0.006589
-0.006583
-0.006580
-0.006581
-0.006587
-0.006599
-0.006617
-0.006642
-0.006672
-0.006709
-0.006752
-0.006799
-0.006849
-0.006903
-0.006957
-0.007012
-0.007064
-0.007114
-0.007158
-0.007197
-0.007228
-0.007250
-0.007263
-0.007266
-0.007258
-0.007241
-0.007214
-0.007177
-0.007132
-0.007081
-0.007024
-0.006963
-0.006900
-0.006838
-0.006777
-0.006721
-0.006670
-0.006628
-0.006594
-0.006571
-0.006559
-0.006560
-0.006573
-0.006598
-0.006635
-0.006683
-0.006741
-0.006808
-0.006881
-0.006960
-0.007042
-0.007125
-0.007207
-0.007286
-0.007359
-0.007426
-0.007485
-0.007534
-0.007573
-0.007601
-0.007617
-0.007623
-0.007617
-0.007602
-0.007577
-0.007545
-0.007507
-0.007465
-0.007420
-0.007373
-0.007328
-0.007285
-0.007246
-0.007212
-0.007185
-0.007164
-0.007151
-0.007146
-0.007148
-0.007157
-0.007173
-0.007194
-0.007220
-0.007249
-0.007280
-0.007311
-0.007342
-0.007370
-0.007395
-0.007416
-0.007432
-0.007443
-0.007448
-0.007447
-0.007442
-0.007432
-0.007418
-0.007402
-0.007384
-0.007367
-0.007351
-0.007339
-0.007331
-0.007329
-0.007334
-0.007346
-0.007367
-0.007397
-0.007436
-0.007482
-0.007537
-0.007598
-0.007664
-0.007734
-0.007806
-0.007877
-0.007946
-0.008010
-0.008068
-0.008118
-0.008157
-0.008184
-0.008198
-0.008199
-0.008185
-0.008158
-0.008116
-0.008062
-0.007997
-0.007921
-0.007838
-0.007750
-0.007659
-0.007568
-0.007480
-0.007398
-0.007324
-0.007260
-0.007209
-0.007173
-0.007152
-0.007148
-0.007162
-0.007193
-0.007241
-0.007304
-0.007381
-0.007470
-0.007570
-0.007676
-0.007787
-0.007899
-0.008010
-0.008117
-0.008217
-0.008308
-0.008387
-0.008452
-0.008503
-0.008539
-0.008558
-0.008562
-0.008551
-0.008525
-0.008487
-0.008438
-0.008380
-0.008316
-0.008248
-0.008179
-0.008110
-0.008045
-0.007986
-0.007933
-0.007890
-0.007856
-0.007833
-0.007821
-0.007820
-0.007829
-0.007847
-0.007874
-0.007906
-0.007943
-0.007983
-0.008024
-0.008064
-0.008100
-0.008132
-0.008158
-0.008177
-0.008188
-0.008191
-0.008186
-0.008173
-0.008154
-0.008130
-0.008102
-0.008073
-0.008043
-0.008016
-0.007994
-0.007978
-0.007970
-0.007973
-0.007987
-0.008013
-0.008051
-0.008103
-0.008167
-0.008242
-0.008326
-0.008419
-0.008516
-0.008617
-0.008717
-0.008814
-0.008904
-0.008985
-0.009054
-0.009107
-0.009144
-0.009161
-0.009158
-0.009134
-0.009089
-0.009024
-0.008940
-0.008839
-0.008723
-0.008596
-0.008461
-0.008322
-0.008182
-0.008047
-0.007919
-0.007804
-0.007704
-0.007622
-0.007563
-0.007527
-0.007516
-0.007531
-0.007572
-0.007638
-0.007727
-0.007837
-0.007966
-0.008110
-0.008265
-0.008427
-0.008592
-0.008754
-0.008911
-0.009057
-0.009190
-0.009305
-0.009400
-0.009474
-0.009523
-0.009549
-0.009551
-0.009530
-0.009487
-0.009425
-0.009346
-0.009253
-0.009151
-0.009043
-0.008932
-0.008822
-0.008718
-0.008622
-0.008536
-0.008465
-0.008408
-0.008367
-0.008344
-0.008336
-0.008345
-0.008368
-0.008403
-0.008448
-0.008501
-0.008558
-0.008615
-0.008672
-0.008723
-0.008768
-0.008803
-0.008828
-0.008840
-0.008839
-0.008827
-0.008802
-0.008767
-0.008724
-0.008676
-0.008624
-0.008572
-0.008524
-0.008483
-0.008452
-0.008435
-0.008433
-0.008449
-0.008485
-0.008541
-0.008617
-0.008713
-0.008827
-0.008957
-0.009099
-0.009251
-0.009406
-0.009562
-0.009713
-0.009854
-0.009980
-0.010086
-0.010169
-0.010223
-0.010247
-0.010239
-0.010196
-0.010119
-0.010010
-0.009869
-0.009700
-0.009507
-0.009295
-0.009069
-0.008836
-0.008602
-0.008374
-0.008159
-0.007962
-0.007791
-0.007650
-0.007545
-0.007478
-0.007453
-0.007470
-0.007530
-0.007632
-0.007772
-0.007949
-0.008157
-0.008390
-0.008642
-0.008907
-0.009176
-0.009444
-0.009702
-0.009943
-0.010162
-0.010352
-0.010508
-0.010628
-0.010709
-0.010749
-0.010749
-0.010709
-0.010632
-0.010523
-0.010384
-0.010222
-0.010043
-0.009853
-0.009657
-0.009464
-0.009278
-0.009107
-0.008953
-0.008823
-0.008718
-0.008641
-0.008593
-0.008574
-0.008582
-0.008615
-0.008669
-0.008742
-0.008827
-0.008920
-0.009015
-0.009108
-0.009193
-0.009266
-0.009322
-0.009359
-0.009375
-0.009369
-0.009340
-0.009290
-0.009222
-0.009138
-0.009044
-0.008944
-0.008844
-0.008751
-0.008669
-0.008606
-0.008566
-0.008556
-0.008577
-0.008635
-0.008730
-0.008862
-0.009031
-0.009234
-0.009466
-0.009723
-0.009997
-0.010280
-0.010565
-0.010841
-0.011100
-0.011332
-0.011529
-0.011681
-0.011781
-0.011825
-0.011807
-0.011725
-0.011578
-0.011367
-0.011097
-0.010772
-0.010400
-0.009990
-0.009552
-0.009097
-0.008640
-0.008191
-0.007765
-0.007374
-0.007030
-0.006744
-0.006525
-0.006381
-0.006317
-0.006337
-0.006441
-0.006628
-0.006893
-0.007230
-0.007631
-0.008084
-0.008578
-0.009098
-0.009631
-0.010163
-0.010677
-0.011161
-0.011601
-0.011986
-0.012304
-0.012550
-0.012715
-0.012799
-0.012799
-0.012719
-0.012562
-0.012335
-0.012047
-0.011709
-0.011332
-0.010930
-0.010516
-0.010104
-0.009705
-0.009334
-0.008999
-0.008711
-0.008477
-0.008301
-0.008187
-0.008133
-0.008139
-0.008198
-0.008306
-0.008452
-0.008628
-0.008822
-0.009022
-0.009218
-0.009398
-0.009551
-0.009669
-0.009745
-0.009773
-0.009751
-0.009678
-0.009557
-0.009393
-0.009194
-0.008968
-0.008727
-0.008485
-0.008255
-0.008052
-0.007891
-0.007783
-0.007743
-0.007779
-0.007900
-0.008111
-0.008413
-0.008806
-0.009282
-0.009835
-0.010450
-0.011113
-0.011805
-0.012505
-0.013191
-0.013839
-0.014426
-0.014928
-0.015323
-0.015593
-0.015720
-0.015692
-0.015500
-0.015140
-0.014614
-0.013927
-0.013092
-0.012126
-0.011050
-0.009890
-0.008676
-0.007441
-0.006219
-0.005044
-0.003953
-0.002978
-0.002152
-0.001501
-0.001051
-0.000818
-0.000816
-0.001050
-0.001520
-0.002218
-0.003128
-0.004231
-0.005497
-0.006896
-0.008390
-0.009939
-0.011501
-0.013032
-0.014490
-0.015834
-0.017027
-0.018034
-0.018829
-0.019390
-0.019703
-0.019760
-0.019563
-0.019121
-0.018450
-0.017573
-0.016522
-0.015330
-0.014038
-0.012687
-0.011320
-0.009982
-0.008713
-0.007552
-0.006532
-0.005682
-0.005023
-0.004568
-0.004323
-0.004284
-0.004441
-0.004773
-0.005255
-0.005854
-0.006531
-0.007246
-0.007956
-0.008617
-0.009189
-0.009633
-0.009918
-0.010018
-0.009917
-0.009608
-0.009094
-0.008388
-0.007517
-0.006516
-0.005429
-0.004311
-0.003221
-0.002225
-0.001390
-0.000783
-0.000469
-0.000506
-0.000946
-0.001828
-0.003177
-0.005005
-0.007303
-0.010048
-0.013194
-0.016678
-0.020417
-0.024312
-0.028249
-0.032100
-0.035729
-0.038993
-0.041748
-0.043856
-0.045182
-0.045609
-0.045034
-0.043378
-0.040589
-0.036645
-0.031556
-0.025368
-0.018167
-0.010071
-0.001239
0.008139
0.017839
0.027611
0.037182
0.046265
0.054561
0.061773
0.067610
0.071795
0.074079
0.074244
0.072113
0.067559
0.060511
0.050960
0.038962
0.024645
0.008205
-0.010088
-0.029896
-0.050817
-0.072386
-0.094089
-0.115366
-0.135622
-0.154244
-0.170606
-0.184089
-0.194090
-0.200041
-0.201417
-0.197756
-0.188668
-0.173847
-0.153083
-0.126266
-0.093400
-0.054600
-0.010098
0.039758
0.094508
0.153582
0.216313
0.281942
0.349634
0.418490
0.487561
0.555870
0.622424
0.686238
0.746348
0.801835
0.851838
0.895574
0.932353
0.961588
0.982813
0.995686
1.000000
0.995686
0.982813
0.961588
0.932353
0.895574
0.851838
0.801835
0.746348
0.686238
0.622424
0.555870
0.487561
0.418490
0.349634
0.281942
0.216313
0.153582
0.094508
0.039758
-0.010098
-0.054600
-0.093400
-0.126266
-0.153083
-0.173847
-0.188668
-0.197756
-0.201417
-0.200041
-0.194090
-0.184089
-0.170606
-0.154244
-0.135622
-0.115366
-0.094089
-0.072386
-0.050817
-0.029896
-0.010088
0.008205
0.024645
0.038962
0.050960
0.060511
0.067559
0.072113
0.074244
0.074079
0.071795
0.067610
0.061773
0.054561
0.046265
0.037182
0.027611
0.017839
0.008139
-0.001239
-0.010071
-0.018167
-0.025368
-0.031556
-0.036645
-0.040589
-0.043378
-0.045034
-0.045609
-0.045182
-0.043856
-0.041748
-0.038993
-0.035729
-0.032100
-0.028249
-0.024312
-0.020417
-0.016678
-0.013194
-0.010048
-0.007303
-0.005005
-0.003177
-0.001828
-0.000946
-0.000506
-0.000469
-0.000783
-0.001390
-0.002225
-0.003221
-0.004311
-0.005429
-0.006516
-0.007517
-0.008388
-0.009094
-0.009608
-0.009917
-0.010018
-0.009918
-0.009633
-0.009189
-0.008617
-0.007956
-0.007246
-0.006531
-0.005854
-0.005255
-0.004773
-0.004441
-0.004284
-0.004323
-0.004568
-0.005023
-0.005682
-0.006532
-0.007552
-0.008713
-0.009982
-0.011320
-0.012687
-0.014038
-0.015330
-0.016522
-0.017573
-0.018450
-0.019121
-0.019563
-0.019760
-0.019703
-0.019390
-0.018829
-0.018034
-0.017027
-0.015834
-0.014490
-0.013032
-0.011501
-0.009939
-0.008390
-0.006896
-0.005497
-0.004231
-0.003128
-0.002218
-0.001520
-0.001050
-0.000816
-0.000818
-0.001051
-0.001501
-0.002152
-0.002978
-0.003953
-0.005044
-0.006219
-0.007441
-0.008676
-0.009890
-0.011050
-0.012126
-0.013092
-0.013927
-0.014614
-0.015140
-0.015500
-0.015692
-0.015720
-0.015593
-0.015323
-0.014928
-0.014426
-0.013839
-0.013191
-0.012505
-0.011805
-0.011113
-0.010450
-0.009835
-0.009282
-0.008806
-0.008413
-0.008111
-0.007900
-0.007779
-0.007743
-0.007783
-0.007891
-0.008052
-0.008255
-0.008485
-0.008727
-0.008968
-0.009194
-0.009393
-0.009557
-0.009678
-0.009751
-0.009773
-0.009745
-0.009669
-0.009551
-0.009398
-0.009218
-0.009022
-0.008822
-0.008628
-0.008452
-0.008306
-0.008198
-0.008139
-0.008133
-0.008187
-0.008301
-0.008477
-0.008711
-0.008999
-0.009334
-0.009705
-0.010104
-0.010516
-0.010930
-0.011332
-0.011709
-0.012047
-0.012335
-0.012562
-0.012719
-0.012799
-0.012799
-0.012715
-0.012550
-0.012304
-0.011986
-0.011601
-0.011161
-0.010677
-0.010163
-0.009631
-0.009098
-0.008578
-0.008084
-0.007631
-0.007230
-0.006893
-0.006628
-0.006441
-0.006337
-0.006317
-0.006381
-0.006525
-0.006744
-0.007030
-0.007374
-0.007765
-0.008191
-0.008640
-0.009097
-0.009552
-0.009990
-0.010400
-0.010772
-0.011097
-0.011367
-0.011578
-0.011725
-0.011807
-0.011825
-0.011781
-0.011681
-0.011529
-0.011332
-0.011100
-0.010841
-0.010565
-0.010280
-0.009997
-0.009723
-0.009466
-0.009234
-0.009031
-0.008862
-0.008730
-0.008635
-0.008577
-0.008556
-0.008566
-0.008606
-0.008669
-0.008751
-0.008844
-0.008944
-0.009044
-0.009138
-0.009222
-0.009290
-0.009340
-0.009369
-0.009375
-0.009359
-0.009322
-0.009266
-0.009193
-0.009108
-0.009015
-0.008920
-0.008827
-0.008742
-0.008669
-0.008615
-0.008582
-0.008574
-0.008593
-0.008641
-0.008718
-0.008823
-0.008953
-0.009107
-0.009278
-0.009464
-0.009657
-0.009853
-0.010043
-0.010222
-0.010384
-0.010523
-0.010632
-0.010709
-0.010749
-0.010749
-0.010709
-0.010628
-0.010508
-0.010352
-0.010162
-0.009943
-0.009702
-0.009444
-0.009176
-0.008907
-0.008642
-0.008390
-0.008157
-0.007949
-0.007772
-0.007632
-0.007530
-0.007470
-0.007453
-0.007478
-0.007545
-0.007650
-0.007791
-0.007962
-0.008159
-0.008374
-0.008602
-0.008836
-0.009069
-0.009295
-0.009507
-0.009700
-0.009869
-0.010010
-0.010119
-0.010196
-0.010239
-0.010247
-0.010223
-0.010169
-0.010086
-0.009980
-0.009854
-0.009713
-0.009562
-0.009406
-0.009251
-0.009099
-0.008957
-0.008827
-0.008713
-0.008617
-0.008541
-0.008485
-0.008449
-0.008433
-0.008435
-0.008452
-0.008483
-0.008524
-0.008572
-0.008624
-0.008676
-0.008724
-0.008767
-0.008802
-0.008827
-0.008839
-0.008840
-0.008828
-0.008803
-0.008768
-0.008723
-0.008672
-0.008615
-0.008558
-0.008501
-0.008448
-0.008403
-0.008368
-0.008345
-0.008336
-0.008344
-0.008367
-0.008408
-0.008465
-0.008536
-0.008622
-0.008718
-0.008822
-0.008932
-0.009043
-0.009151
-0.009253
-0.009346
-0.009425
-0.009487
-0.009530
-0.009551
-0.009549
-0.009523
-0.009474
-0.009400
-0.009305
-0.009190
-0.009057
-0.008911
-0.008754
-0.008592
-0.008427
-0.008265
-0.008110
-0.007966
-0.007837
-0.007727
-0.007638
-0.007572
-0.007531
-0.007516
-0.007527
-0.007563
-0.007622
-0.007704
-0.007804
-0.007919
-0.008047
-0.008182
-0.008322
-0.008461
-0.008596
-0.008723
-0.008839
-0.008940
-0.009024
-0.009089
-0.009134
-0.009158
-0.009161
-0.009144
-0.009107
-0.009054
-0.008985
-0.008904
-0.008814
-0.008717
-0.008617
-0.008516
-0.008419
-0.008326
-0.008242
-0.008167
-0.008103
-0.008051
-0.008013
-0.007987
-0.007973
-0.007970
-0.007978
-0.007994
-0.008016
-0.008043
-0.008073
-0.008102
-0.008130
-0.008154
-0.008173
-0.008186
-0.008191
-0.008188
-0.008177
-0.008158
-0.008132
-0.008100
-0.008064
-0.008024
-0.007983
-0.007943
-0.007906
-0.007874
-0.007847
-0.007829
-0.007820
-0.007821
-0.007833
-0.007856
-0.007890
-0.007933
-0.007986
-0.008045
-0.008110
-0.008179
-0.008248
-0.008316
-0.008380
-0.008438
-0.008487
-0.008525
-0.008551
-0.008562
-0.008558
-0.008539
-0.008503
-0.008452
-0.008387
-0.008308
-0.008217
-0.008117
-0.008010
-0.007899
-0.007787
-0.007676
-0.007570
-0.007470
-0.007381
-0.007304
-0.007241
-0.007193
-0.007162
-0.007148
-0.007152
-0.007173
-0.007209
-0.007260
-0.007324
-0.007398
-0.007480
-0.007568
-0.007659
-0.007750
-0.007838
-0.007921
-0.007997
-0.008062
-0.008116
-0.008158
-0.008185
-0.008199
-0.008198
-0.008184
-0.008157
-0.008118
-0.008068
-0.008010
-0.007946
-0.007877
-0.007806
-0.007734
-0.007664
-0.007598
-0.007537
-0.007482
-0.007436
-0.007397
-0.007367
-0.007346
-0.007334
-0.007329
-0.007331
-0.007339
-0.007351
-0.007367
-0.007384
-0.007402
-0.007418
-0.007432
-0.007442
-0.007447
-0.007448
-0.007443
-0.007432
-0.007416
-0.007395
-0.007370
-0.007342
-0.007311
-0.007280
-0.007249
-0.007220
-0.007194
-0.007173
-0.007157
-0.007148
-0.007146
-0.007151
-0.007164
-0.007185
-0.007212
-0.007246
-0.007285
-0.007328
-0.007373
-0.007420
-0.007465
-0.007507
-0.007545
-0.007577
-0.007602
-0.007617
-0.007623
-0.007617
-0.007601
-0.007573
-0.007534
-0.007485
-0.007426
-0.007359
-0.007286
-0.007207
-0.007125
-0.007042
-0.006960
-0.006881
-0.006808
-0.006741
-0.006683
-0.006635
-0.006598
-0.006573
-0.006560
-0.006559
-0.006571
-0.006594
-0.006628
-0.006670
-0.006721
-0.006777
-0.006838
-0.006900
-0.006963
-0.007024
-0.007081
-0.007132
-0.007177
-0.007214
-0.007241
-0.007258
-0.007266
-0.007263
-0.007250
-0.007228
-0.007197
-0.007158
-0.007114
-0.007064
-0.007012
-0.006957
-0.006903
-0.006849
-0.006799
-0.006752
-0.006709
-0.006672
-0.006642
-0.006617
-0.006599
-0.006587
-0.006581
-0.006580
-0.006583
-0.006589
-0.006598
-0.006608
-0.006618
-0.006627
-0.006635
-0.006640
-0.006641
-0.006639
-0.006633
-0.006622
-0.006608
-0.006590
-0.006569
-0.006545
-0.006520
-0.006495
-0.006469
-0.006445
-0.006424
-0.006405
-0.006391
-0.006382
-0.006377
-0.006379
-0.006386
-0.006399
-0.006416
-0.006439
-0.006465
-0.006495
-0.006526
-0.006558
-0.006589
-0.006618
-0.006644
-0.006665
-0.006681
-0.006690
-0.006692
-0.006686
-0.006671
-0.006648
-0.006617
-0.006578
-0.006532
-0.006479
-0.006422
-0.006360
-0.006297
-0.006232
-0.006169
-0.006107
-0.006049
-0.005997
-0.005951
-0.005912
-0.005882
-0.005860
-0.005848
-0.005845
-0.005851
-0.005866
-0.005889
-0.005919
-0.005954
-0.005994
-0.006037
-0.006082
-0.006127
-0.006171
-0.006211
-0.006248
-0.006280
-0.006305
-0.006323
-0.006334
-0.006338
-0.006333
-0.006321
-0.006302
-0.006277
-0.006245
-0.006209
-0.006170
-0.006128
-0.006084
-0.006040
-0.005998
-0.005957
-0.005919
-0.005884
-0.005854
-0.005828
-0.005807
-0.005791
-0.005780
-0.005773
-0.005770
-0.005770
-0.005773
-0.005777
-0.005782
-0.005788
-0.005793
-0.005796
-0.005798
-0.005797
-0.005793
-0.005786
-0.005776
-0.005762
-0.005746
-0.005728
-0.005708
-0.005687
-0.005665
-0.005643
-0.005622
-0.005604
-0.005587
-0.005574
-0.005565
-0.005559
-0.005558
-0.005562
-0.005569
-0.005581
-0.005596
-0.005614
-0.005635
-0.005657
-0.005679
-0.005701
-0.005722
-0.005740
-0.005754
-0.005765
-0.005770
-0.005769
-0.005762
-0.005749
-0.005729
-0.005703
-0.005671
-0.005633
-0.005590
-0.005544
-0.005494
-0.005443
-0.005391
-0.005339
-0.005290
-0.005243
-0.005200
-0.005162
-0.005130
-0.005104
-0.005086
-0.005074
-0.005070
-0.005073
-0.005082
-0.005098
-0.005119
-0.005145
-0.005174
-0.005206
-0.005239
-0.005272
-0.005304
-0.005334
-0.005361
-0.005383
-0.005401
-0.005414
-0.005421
-0.005421
-0.005416
-0.005405
-0.005388
-0.005366
-0.005340
-0.005310
-0.005277
-0.005242
-0.005206
-0.005170
-0.005135
-0.005101
-0.005069
-0.005040
-0.005015
-0.004992
-0.004974
-0.004960
-0.004949
-0.004942
-0.004937
-0.004936
-0.004936
-0.004938
-0.004940
-0.004943
-0.004945
-0.004946
-0.004945
-0.004942
-0.004938
-0.004930
-0.004921
-0.004908
-0.004894
-0.004878
-0.004860
-0.004842
-0.004823
-0.004804
-0.004786
-0.004769
-0.004754
-0.004742
-0.004733
-0.004727
-0.004725
-0.004726
-0.004730
-0.004737
-0.004748
-0.004761
-0.004775
-0.004791
-0.004807
-0.004823
-0.004838
-0.004851
-0.004861
-0.004867
-0.004870
-0.004868
-0.004861
-0.004849
-0.004831
-0.004809
-0.004782
-0.004750
-0.004714
-0.004676
-0.004635
-0.004592
-0.004549
-0.004506
-0.004465
-0.004426
-0.004390
-0.004358
-0.004331
-0.004309
-0.004292
-0.004281
-0.004276
-0.004277
-0.004283
-0.004294
-0.004310
-0.004329
-0.004351
-0.004374
-0.004399
-0.004425
-0.004449
-0.004471
-0.004491
-0.004508
-0.004521
-0.004530
-0.004534
-0.004533
-0.004528
-0.004517
-0.004502
-0.004483
-0.004461
-0.004435
-0.004407
-0.004378
-0.004348
-0.004317
-0.004287
-0.004258
-0.004231
-0.004207
-0.004185
-0.004165
-0.004149
-0.004136
-0.004126
-0.004119
-0.004114
-0.004111
-0.004110
-0.004110
-0.004111
-0.004112
-0.004112
-0.004111
-0.004110
-0.004106
-0.004101
-0.004094
-0.004085
-0.004073
-0.004061
-0.004046
-0.004030
-0.004014
-0.003997
-0.003981
-0.003965
-0.003950
-0.003937
-0.003926
-0.003917
-0.003911
-0.003908
-0.003907
-0.003910
-0.003914
-0.003922
-0.003931
-0.003942
-0.003953
-0.003965
-0.003977
-0.003988
-0.003997
-0.004004
-0.004008
-0.004009
-0.004006
-0.003999
-0.003988
-0.003973
-0.003954
-0.003930
-0.003903
-0.003873
-0.003841
-0.003806
-0.003770
-0.003734
-0.003698
-0.003663
-0.003630
-0.003599
-0.003572
-0.003549
-0.003529
-0.003515
-0.003505
-0.003499
-0.003499
-0.003503
-0.003511
-0.003522
-0.003537
-0.003554
-0.003572
-0.003592
-0.003611
-0.003630
-0.003648
-0.003663
-0.003676
-0.003686
-0.003692
-0.003694
-0.003692
-0.003687
-0.003677
-0.003664
-0.003647
-0.003628
-0.003606
-0.003582
-0.003557
-0.003531
-0.003505
-0.003479
-0.003455
-0.003431
-0.003410
-0.003391
-0.003374
-0.003360
-0.003348
-0.003339
-0.003332
-0.003327
-0.003324
-0.003322
-0.003321
-0.003321
-0.003321
-0.003320
-0.003319
-0.003316
-0.003313
-0.003307
-0.003300
-0.003292
-0.003282
-0.003270
-0.003258
-0.003244
-0.003229
-0.003215
-0.003200
-0.003186
-0.003173
-0.003161
-0.003151
-0.003143
-0.003137
-0.003134
-0.003133
-0.003134
-0.003137
-0.003142
-0.003149
-0.003157
-0.003166
-0.003175
-0.003184
-0.003192
-0.003199
-0.003204
-0.003207
-0.003207
-0.003204
-0.003197
-0.003188
-0.003174
-0.003157
-0.003137
-0.003114
-0.003088
-0.003060
-0.003031
-0.003000
-0.002969
-0.002938
-0.002909
-0.002880
-0.002854
-0.002831
-0.002811
-0.002794
-0.002781
-0.002772
-0.002767
-0.002766
-0.002768
-0.002774
-0.002783
-0.002795
-0.002808
-0.002823
-0.002839
-0.002854
-0.002869
-0.002883
-0.002896
-0.002906
-0.002913
-0.002918
-0.002919
-0.002917
-0.002912
-0.002903
-0.002892
-0.002877
-0.002860
-0.002841
-0.002821
-0.002799
-0.002777
-0.002754
-0.002732
-0.002711
-0.002691
-0.002673
-0.002656
-0.002642
-0.002629
-0.002619
-0.002611
-0.002604
-0.002599
-0.002596
-0.002594
-0.002593
-0.002592
-0.002591
-0.002590
-0.002589
-0.002586
-0.002583
-0.002578
-0.002571
-0.002564
-0.002555
-0.002545
-0.002533
-0.002521
-0.002509
-0.002496
-0.002483
-0.002471
-0.002460
-0.002449
-0.002440
-0.002433
-0.002428
-0.002424
-0.002423
-0.002423
-0.002426
-0.002430
-0.002435
-0.002441
-0.002448
-0.002456
-0.002463
-0.002469
-0.002475
-0.002479
-0.002481
-0.002480
-0.002477
-0.002472
-0.002463
-0.002451
-0.002437
-0.002419
-0.002399
-0.002377
-0.002353
-0.002328
-0.002302
-0.002275
-0.002249
-0.002223
-0.002199
-0.002177
-0.002157
-0.002139
-0.002125
-0.002113
-0.002105
-0.002101
-0.002099
-0.002101
-0.002106
-0.002113
-0.002123
-0.002134
-0.002146
-0.002159
-0.002172
-0.002184
-0.002196
-0.002206
-0.002214
-0.002221
-0.002224
-0.002225
-0.002223
-0.002218
-0.002211
-0.002201
-0.002188
-0.002174
-0.002158
-0.002140
-0.002121
-0.002102
-0.002083
-0.002064
-0.002046
-0.002028
-0.002013
-0.001998
-0.001986
-0.001975
-0.001966
-0.001959
-0.001953
-0.001949
-0.001946
-0.001944
-0.001943
-0.001942
-0.001941
-0.001940
-0.001938
-0.001936
-0.001933
-0.001929
-0.001923
-0.001916
-0.001909
-0.001900
-0.001890
-0.001880
-0.001869
-0.001858
-0.001847
-0.001836
-0.001826
-0.001817
-0.001810
-0.001803
-0.001799
-0.001796
-0.001794
-0.001795
-0.001796
-0.001800
-0.001804
-0.001810
-0.001816
-0.001822
-0.001828
-0.001833
-0.001838
-0.001841
-0.001843
-0.001842
-0.001840
-0.001835
-0.001827
-0.001817
-0.001805
-0.001790
-0.001773
-0.001754
-0.001733
-0.001712
-0.001689
-0.001666
-0.001644
-0.001622
-0.001601
-0.001582
-0.001565
-0.001550
-0.001537
-0.001528
-0.001521
-0.001517
-0.001516
-0.001517
-0.001521
-0.001527
-0.001536
-0.001545
-0.001556
-0.001567
-0.001578
-0.001589
-0.001599
-0.001607
-0.001615
-0.001620
-0.001623
-0.001624
-0.001622
-0.001618
-0.001612
-0.001603
-0.001593
-0.001580
-0.001566
-0.001551
-0.001535
-0.001519
-0.001502
-0.001486
-0.001470
-0.001456
-0.001442
-0.001430
-0.001419
-0.001410
-0.001402
-0.001396
-0.001391
-0.001388
-0.001386
-0.001384
-0.001383
-0.001382
-0.001382
-0.001381
-0.001380
-0.001378
-0.001375
-0.001372
-0.001367
-0.001361
-0.001355
-0.001347
-0.001339
-0.001330
-0.001321
-0.001312
-0.001302
-0.001293
-0.001285
-0.001277
-0.001271
-0.001266
-0.001262
-0.001259
-0.001258
-0.001259
-0.001260
-0.001264
-0.001268
-0.001272
-0.001278
-0.001283
-0.001289
-0.001294
-0.001298
-0.001301
-0.001302
-0.001302
-0.001300
-0.001296
-0.001290
-0.001281
-0.001271
-0.001258
-0.001244
-0.001227
-0.001210
-0.001191
-0.001172
-0.001153
-0.001133
-0.001115
-0.001097
-0.001080
-0.001066
-0.001053
-0.001042
-0.001034
-0.001028
-0.001025
-0.001025
-0.001026
-0.001030
-0.001036
-0.001043
-0.001051
-0.001061
-0.001071
-0.001081
-0.001090
-0.001099
-0.001107
-0.001114
-0.001118
-0.001121
-0.001122
-0.001121
-0.001118
-0.001113
-0.001106
-0.001097
-0.001086
-0.001075
-0.001062
-0.001048
-0.001034
-0.001020
-0.001006
-0.000993
-0.000981
-0.000969
-0.000959
-0.000950
-0.000942
-0.000936
-0.000931
-0.000927
-0.000924
-0.000922
-0.000921
-0.000921
-0.000921
-0.000920
-0.000920
-0.000919
-0.000918
-0.000916
-0.000913
-0.000910
-0.000905
-0.000900
-0.000894
-0.000887
-0.000880
-0.000872
-0.000864
-0.000856
-0.000849
-0.000842
-0.000836
-0.000830
-0.000826
-0.000823
-0.000821
-0.000821
-0.000821
-0.000823
-0.000826
-0.000830
-0.000835
-0.000840
-0.000845
-0.000850
-0.000855
-0.000859
-0.000862
-0.000864
-0.000864
-0.000863
-0.000860
-0.000855
-0.000848
-0.000839
-0.000828
-0.000816
-0.000802
-0.000787
-0.000771
-0.000755
-0.000738
-0.000722
-0.000706
-0.000691
-0.000677
-0.000664
-0.000654
-0.000645
-0.000638
-0.000634
-0.000631
-0.000631
-0.000633
-0.000636
-0.000642
-0.000649
-0.000657
-0.000665
-0.000674
-0.000683
-0.000692
-0.000701
-0.000708
-0.000714
-0.000719
-0.000722
-0.000723
-0.000723
-0.000721
-0.000716
-0.000711
-0.000703
-0.000694
-0.000685
-0.000674
-0.000662
-0.000651
-0.000639
-0.000627
-0.000616
-0.000606
-0.000596
-0.000587
-0.000580
-0.000574
-0.000569
-0.000565
-0.000562
-0.000560
-0.000559
-0.000558
-0.000558
-0.000559
-0.000559
-0.000559
-0.000559
-0.000558
-0.000557
-0.000555
-0.000552
-0.000549
-0.000545
-0.000540
-0.000534
-0.000528
-0.000522
-0.000516
-0.000509
-0.000503
-0.000498
-0.000493
-0.000489
-0.000485
-0.000483
-0.000482
-0.000482
-0.000483
-0.000486
-0.000489
-0.000493
-0.000497
-0.000502
-0.000508
-0.000513
-0.000517
-0.000521
-0.000525
-0.000527
-0.000527
-0.000527
-0.000525
-0.000521
-0.000515
-0.000508
-0.000499
-0.000489
-0.000477
-0.000464
-0.000451
-0.000437
-0.000423
-0.000409
-0.000395
-0.000383
-0.000371
-0.000360
-0.000351
-0.000344
-0.000339
-0.000335
-0.000334
-0.000334
-0.000336
-0.000340
-0.000345
-0.000352
-0.000359
-0.000368
-0.000376
-0.000385
-0.000393
-0.000401
-0.000408
-0.000414
-0.000419
-0.000422
-0.000424
-0.000424
-0.000423
-0.000420
-0.000415
-0.000409
-0.000402
-0.000394
-0.000385
-0.000375
-0.000365
-0.000356
-0.000346
-0.000337
-0.000328
-0.000320
-0.000313
-0.000307
-0.000302
-0.000298
-0.000295
-0.000293
-0.000292
-0.000292
-0.000292
-0.000292
-0.000293
-0.000294
-0.000295
-0.000295
-0.000295
-0.000295
-0.000294
-0.000292
-0.000289
-0.000286
-0.000283
-0.000278
-0.000274
-0.000269
-0.000264
-0.000258
-0.000254
-0.000249
-0.000246
-0.000242
-0.000240
-0.000239
-0.000238
-0.000239
-0.000241
-0.000243
-0.000247
-0.000251
-0.000256
-0.000261
-0.000266
-0.000271
-0.000276
-0.000280
-0.000283
-0.000286
-0.000287
-0.000287
-0.000286
-0.000283
-0.000278
-0.000272
-0.000265
-0.000257
-0.000247
-0.000236
-0.000225
-0.000213
-0.000201
-0.000190
-0.000178
-0.000167
-0.000157
-0.000149
-0.000141
-0.000136
-0.000131
-0.000129
-0.000128
-0.000129
-0.000132
-0.000136
-0.000141
-0.000147
-0.000155
-0.000163
-0.000171
-0.000179
-0.000187
-0.000195
-0.000202
-0.000208
-0.000212
-0.000216
-0.000218
-0.000219
-0.000218
-0.000216
-0.000213
-0.000208
-0.000202
-0.000196
-0.000188
-0.000180
-0.000172
-0.000164
-0.000156
-0.000148
-0.000141
-0.000135
-0.000129
-0.000124
-0.000120
-0.000118
-0.000116
-0.000114
-0.000114
-0.000114
-0.000115
-0.000116
-0.000118
-0.000119
-0.000120
-0.000121
-0.000122
-0.000122
-0.000122
-0.000121
-0.000119
-0.000117
-0.000114
-0.000111
-0.000107
-0.000103
-0.000100
-0.000096
-0.000092
-0.000089
-0.000086
-0.000084
-0.000082
-0.000082
-0.000082
-0.000083
-0.000085
-0.000088
-0.000092
-0.000096
-0.000101
-0.000106
-0.000111
-0.000116
-0.000121
-0.000126
-0.000129
-0.000132
-0.000134
-0.000135
-0.000134
-0.000132
-0.000129
-0.000124
-0.000118
-0.000111
-0.000103
-0.000094
-0.000085
-0.000075
-0.000065
-0.000055
-0.000045
-0.000036
-0.000028
-0.000021
-0.000015
-0.000010
-0.000007
-0.000005
-0.000005
-0.000007
-0.000010
-0.000014
-0.000019
-0.000025
-0.000033
-0.000040
-0.000048
-0.000056
-0.000064
-0.000072
-0.000078
-0.000084
-0.000089
-0.000093
-0.000096
-0.000097
-0.000097
-0.000095
-0.000093
-0.000089
-0.000085
-0.000079
-0.000073
-0.000067
-0.000060
-0.000054
-0.000047
-0.000041
-0.000035
-0.000030
-0.000025
-0.000022
-0.000019
-0.000017
-0.000016
-0.000015
-0.000015
-0.000016
-0.000017
-0.000019
-0.000021
-0.000023
-0.000024
-0.000026
-0.000027
-0.000028
-0.000028
-0.000028
-0.000027
-0.000026
-0.000024
-0.000021
-0.000019
-0.000016
-0.000013
-0.000010
-0.000007
-0.000005
-0.000003
-0.000002
-0.000001
-0.000001
-0.000002
-0.000004
-0.000006
-0.000009
-0.000013
-0.000017
-0.000022
-0.000027
-0.000033
-0.000038
-0.000043
-0.000047
-0.000051
-0.000054
-0.000057
-0.000058
-0.000058
-0.000057
-0.000054
-0.000051
-0.000046
-0.000040
-0.000033
-0.000026
-0.000018
-0.000010
-0.000001
0.000007
0.000015
0.000023
0.000030
0.000036
0.000040
0.000044
0.000046
0.000047
0.000047
0.000045
0.000042
0.000037
0.000032
0.000026
0.000019
0.000011
0.000004
-0.000004
-0.000012
-0.000019
-0.000026
-0.000032
-0.000037
-0.000041
-0.000043
-0.000045
-0.000046
-0.000045
-0.000043
-0.000041
-0.000037
-0.000033
-0.000028
-0.000023
-0.000017
-0.000012
-0.000006
-0.000001
0.000004
0.000008
0.000011
0.000014
0.000016
0.000017
0.000018
0.000018
0.000017
0.000016
0.000014
0.000012
0.000010
0.000008
0.000006
0.000004
0.000002
0.000001
0.000000
0.000000
0.000000
0.000001
0.000002
0.000004
0.000006
0.000008
0.000010
0.000012
0.000014
0.000015
0.000017
0.000017
0.000017
0.000017
0.000016
0.000014
0.000011
0.000008
0.000004
-0.000001
-0.000006
-0.000011
-0.000016
-0.000022
-0.000026
-0.000031
-0.000035
-0.000038
-0.000041
-0.000042
-0.000043
-0.000042
-0.000041
-0.000038
-0.000034
-0.000029
-0.000024
-0.000018
-0.000011
-0.000004
0.000003
0.000010
0.000017
0.000024
0.000029
0.000034
0.000038
0.000041
0.000042
0.000043
0.000042
0.000040
0.000036
0.000032
0.000027
0.000020
0.000014
0.000006
-0.000001
-0.000009
-0.000016
-0.000023
-0.000029
-0.000035
-0.000040
-0.000044
-0.000047
-0.000049
-0.000050
-0.000050
-0.000049
-0.000047
-0.000044
-0.000041
-0.000037
-0.000033
-0.000028
-0.000023
-0.000019
-0.000015
-0.000011
-0.000008
-0.000005
-0.000003
-0.000002
-0.000001
-0.000001
-0.000001
-0.000003
-0.000004
-0.000006
-0.000008
-0.000011
-0.000013
-0.000015
-0.000018
-0.000019
-0.000021
-0.000022
-0.000023
-0.000023
-0.000023
-0.000022
-0.000021
-0.000020
-0.000018
-0.000017
-0.000015
-0.000014
-0.000013
-0.000012
-0.000012
-0.000012
-0.000013
-0.000015
-0.000017
-0.000020
-0.000023
-0.000027
-0.000032
-0.000037
-0.000042
-0.000047
-0.000052
-0.000057
-0.000062
-0.000066
-0.000069
-0.000072
-0.000074
-0.000074
-0.000074
-0.000073
-0.000071
-0.000068
-0.000064
-0.000060
-0.000054
-0.000049
-0.000043
-0.000036
-0.000030
-0.000024
-0.000019
-0.000014
-0.000010
-0.000007
-0.000005
-0.000004
-0.000004
-0.000005
-0.000007
-0.000011
-0.000015
-0.000020
-0.000026
-0.000033
-0.000040
-0.000047
-0.000054
-0.000061
-0.000068
-0.000074
-0.000080
-0.000085
-0.000089
-0.000092
-0.000094
-0.000095
-0.000096
-0.000095
-0.000094
-0.000091
-0.000089
-0.000085
-0.000082
-0.000078
-0.000074
-0.000071
-0.000067
-0.000064
-0.000061
-0.000059
-0.000058
-0.000057
-0.000056
-0.000057
-0.000057
-0.000059
-0.000061
-0.000063
-0.000065
-0.000068
-0.000070
-0.000073
-0.000075
-0.000077
-0.000079
-0.000080
-0.000081
-0.000081
-0.000081
-0.000081
-0.000081
-0.000080
-0.000079
-0.000078
-0.000077
-0.000076
-0.000075
-0.000075
-0.000075
-0.000075
-0.000076
-0.000078
-0.000081
-0.000083
-0.000087
-0.000091
-0.000095
-0.000100
-0.000105
-0.000110
-0.000115
-0.000120
-0.000124
-0.000128
-0.000132
-0.000134
-0.000136
-0.000137
-0.000137
-0.000137
-0.000135
-0.000133
-0.000129
-0.000125
-0.000121
-0.000116
-0.000111
-0.000105
-0.000100
-0.000095
-0.000090
-0.000086
-0.000083
-0.000080
-0.000078
-0.000078
-0.000078
-0.000079
-0.000082
-0.000085
-0.000089
-0.000094
-0.000100
-0.000106
-0.000113
-0.000120
-0.000126
-0.000133
-0.000140
-0.000145
-0.000151
-0.000156
-0.000160
-0.000163
-0.000165
-0.000166
-0.000167
-0.000166
-0.000165
-0.000163
-0.000161
-0.000158
-0.000155
-0.000152
-0.000149
-0.000146
-0.000143
-0.000140
-0.000138
-0.000136
-0.000135
-0.000134
-0.000134
-0.000135
-0.000136
-0.000137
-0.000139
-0.000141
-0.000144
-0.000146
-0.000149
-0.000151
-0.000153
-0.000155
-0.000157
-0.000158
-0.000160
-0.000160
-0.000160
-0.000160
-0.000160
-0.000159
-0.000159
-0.000158
-0.000157
-0.000157
-0.000156
-0.000156
-0.000156
-0.000157
-0.000158
-0.000160
-0.000162
-0.000165
-0.000169
-0.000172
-0.000177
-0.000181
-0.000186
-0.000190
-0.000195
-0.000200
-0.000204
-0.000208
-0.000211
-0.000214
-0.000216
-0.000217
-0.000217
-0.000217
-0.000215
-0.000213
-0.000210
-0.000207
-0.000203
-0.000198
-0.000194
-0.000189
-0.000184
-0.000180
-0.000176
-0.000172
-0.000169
-0.000167
-0.000165
-0.000165
-0.000165
-0.000167
-0.000169
-0.000172
-0.000176
-0.000181
-0.000186
-0.000192
-0.000198
-0.000205
-0.000211
-0.000217
-0.000223
-0.000229
-0.000234
-0.000238
-0.000242
-0.000245
-0.000247
-0.000249
-0.000249
-0.000249
-0.000248
-0.000247
-0.000245
-0.000242
-0.000239
-0.000237
-0.000234
-0.000231
-0.000228
-0.000226
-0.000224
-0.000223
-0.000222
-0.000221
-0.000221
-0.000222
-0.000223
-0.000224
-0.000226
-0.000228
-0.000230
-0.000233
-0.000235
-0.000237
-0.000239
-0.000241
-0.000243
-0.000245
-0.000246
-0.000246
-0.000247
-0.000247
-0.000246
-0.000246
-0.000245
-0.000245
-0.000244
-0.000244
-0.000243
-0.000243
-0.000243
-0.000244
-0.000245
-0.000247
-0.000249
-0.000252
-0.000255
-0.000259
-0.000263
-0.000267
-0.000271
-0.000276
-0.000280
-0.000284
-0.000288
-0.000292
-0.000295
-0.000297
-0.000299
-0.000300
-0.000300
-0.000300
-0.000299
-0.000297
-0.000294
-0.000291
-0.000288
-0.000284
-0.000279
-0.000275
-0.000271
-0.000267
-0.000263
-0.000260
-0.000257
-0.000255
-0.000254
-0.000253
-0.000254
-0.000255
-0.000257
-0.000260
-0.000264
-0.000268
-0.000273
-0.000278
-0.000284
-0.000290
-0.000296
-0.000302
-0.000307
-0.000312
-0.000317
-0.000321
-0.000325
-0.000327
-0.000329
-0.000331
-0.000331
-0.000331
-0.000330
-0.000329
-0.000327
-0.000325
-0.000322
-0.000320
-0.000317
-0.000314
-0.000312
-0.000310
-0.000308
-0.000307
-0.000306
-0.000305
-0.000305
-0.000306
-0.000307
-0.000308
-0.000310
-0.000311
-0.000314
-0.000316
-0.000318
-0.000320
-0.000322
-0.000324
-0.000325
-0.000327
-0.000328
-0.000328
-0.000327
-0.000325
-0.000324
-0.000322
-0.000320
-0.000318
-0.000316
-0.000314
-0.000311
-0.000310
-0.000308
-0.000307
-0.000306
-0.000305
-0.000305
-0.000306
-0.000307
-0.000308
-0.000310
-0.000312
-0.000314
-0.000317
-0.000320
-0.000322
-0.000325
-0.000327
-0.000329
-0.000330
-0.000331
-0.000331
-0.000331
-0.000329
-0.000327
-0.000325
-0.000321
-0.000317
-0.000312
-0.000307
-0.000302
-0.000296
-0.000290
-0.000284
-0.000278
-0.000273
-0.000268
-0.000264
-0.000260
-0.000257
-0.000255
-0.000254
-0.000253
-0.000254
-0.000255
-0.000257
-0.000260
-0.000263
-0.000267
-0.000271
-0.000275
-0.000279
-0.000284
-0.000288
-0.000291
-0.000294
-0.000297
-0.000299
-0.000300
-0.000300
-0.000300
-0.000299
-0.000297
-0.000295
-0.000292
-0.000288
-0.000284
-0.000280
-0.000276
-0.000271
-0.000267
-0.000263
-0.000259
-0.000255
-0.000252
-0.000249
-0.000247
-0.000245
-0.000244
-0.000243
-0.000243
-0.000243
-0.000244
-0.000244
-0.000245
-0.000245
-0.000246
-0.000246
-0.000247
-0.000247
-0.000246
-0.000246
-0.000245
-0.000243
-0.000241
-0.000239
-0.000237
-0.000235
-0.000233
-0.000230
-0.000228
-0.000226
-0.000224
-0.000223
-0.000222
-0.000221
-0.000221
-0.000222
-0.000223
-0.000224
-0.000226
-0.000228
-0.000231
-0.000234
-0.000237
-0.000239
-0.000242
-0.000245
-0.000247
-0.000248
-0.000249
-0.000249
-0.000249
-0.000247
-0.000245
-0.000242
-0.000238
-0.000234
-0.000229
-0.000223
-0.000217
-0.000211
-0.000205
-0.000198
-0.000192
-0.000186
-0.000181
-0.000176
-0.000172
-0.000169
-0.000167
-0.000165
-0.000165
-0.000165
-0.000167
-0.000169
-0.000172
-0.000176
-0.000180
-0.000184
-0.000189
-0.000194
-0.000198
-0.000203
-0.000207
-0.000210
-0.000213
-0.000215
-0.000217
-0.000217
-0.000217
-0.000216
-0.000214
-0.000211
-0.000208
-0.000204
-0.000200
-0.000195
-0.000190
-0.000186
-0.000181
-0.000177
-0.000172
-0.000169
-0.000165
-0.000162
-0.000160
-0.000158
-0.000157
-0.000156
-0.000156
-0.000156
-0.000157
-0.000157
-0.000158
-0.000159
-0.000159
-0.000160
-0.000160
-0.000160
-0.000160
-0.000160
-0.000158
-0.000157
-0.000155
-0.000153
-0.000151
-0.000149
-0.000146
-0.000144
-0.000141
-0.000139
-0.000137
-0.000136
-0.000135
-0.000134
-0.000134
-0.000135
-0.000136
-0.000138
-0.000140
-0.000143
-0.000146
-0.000149
-0.000152
-0.000155
-0.000158
-0.000161
-0.000163
-0.000165
-0.000166
-0.000167
-0.000166
-0.000165
-0.000163
-0.000160
-0.000156
-0.000151
-0.000145
-0.000140
-0.000133
-0.000126
-0.000120
-0.000113
-0.000106
-0.000100
-0.000094
-0.000089
-0.000085
-0.000082
-0.000079
-0.000078
-0.000078
-0.000078
-0.000080
-0.000083
-0.000086
-0.000090
-0.000095
-0.000100
-0.000105
-0.000111
-0.000116
-0.000121
-0.000125
-0.000129
-0.000133
-0.000135
-0.000137
-0.000137
-0.000137
-0.000136
-0.000134
-0.000132
-0.000128
-0.000124
-0.000120
-0.000115
-0.000110
-0.000105
-0.000100
-0.000095
-0.000091
-0.000087
-0.000083
-0.000081
-0.000078
-0.000076
-0.000075
-0.000075
-0.000075
-0.000075
-0.000076
-0.000077
-0.000078
-0.000079
-0.000080
-0.000081
-0.000081
-0.000081
-0.000081
-0.000081
-0.000080
-0.000079
-0.000077
-0.000075
-0.000073
-0.000070
-0.000068
-0.000065
-0.000063
-0.000061
-0.000059
-0.000057
-0.000057
-0.000056
-0.000057
-0.000058
-0.000059
-0.000061
-0.000064
-0.000067
-0.000071
-0.000074
-0.000078
-0.000082
-0.000085
-0.000089
-0.000091
-0.000094
-0.000095
-0.000096
-0.000095
-0.000094
-0.000092
-0.000089
-0.000085
-0.000080
-0.000074
-0.000068
-0.000061
-0.000054
-0.000047
-0.000040
-0.000033
-0.000026
-0.000020
-0.000015
-0.000011
-0.000007
-0.000005
-0.000004
-0.000004
-0.000005
-0.000007
-0.000010
-0.000014
-0.000019
-0.000024
-0.000030
-0.000036
-0.000043
-0.000049
-0.000054
-0.000060
-0.000064
-0.000068
-0.000071
-0.000073
-0.000074
-0.000074
-0.000074
-0.000072
-0.000069
-0.000066
-0.000062
-0.000057
-0.000052
-0.000047
-0.000042
-0.000037
-0.000032
-0.000027
-0.000023
-0.000020
-0.000017
-0.000015
-0.000013
-0.000012
-0.000012
-0.000012
-0.000013
-0.000014
-0.000015
-0.000017
-0.000018
-0.000020
-0.000021
-0.000022
-0.000023
-0.000023
-0.000023
-0.000022
-0.000021
-0.000019
-0.000018
-0.000015
-0.000013
-0.000011
-0.000008
-0.000006
-0.000004
-0.000003
-0.000001
-0.000001
-0.000001
-0.000002
-0.000003
-0.000005
-0.000008
-0.000011
-0.000015
-0.000019
-0.000023
-0.000028
-0.000033
-0.000037
-0.000041
-0.000044
-0.000047
-0.000049
-0.000050
-0.000050
-0.000049
-0.000047
-0.000044
-0.000040
-0.000035
-0.000029
-0.000023
-0.000016
-0.000009
-0.000001
0.000006
0.000014
0.000020
0.000027
0.000032
0.000036
0.000040
0.000042
0.000043
0.000042
0.000041
0.000038
0.000034
0.000029
0.000024
0.000017
0.000010
0.000003
-0.000004
-0.000011
-0.000018
-0.000024
-0.000029
-0.000034
-0.000038
-0.000041
-0.000042
-0.000043
-0.000042
-0.000041
-0.000038
-0.000035
-0.000031
-0.000026
-0.000022
-0.000016
-0.000011
-0.000006
-0.000001
0.000004
0.000008
0.000011
0.000014
0.000016
0.000017
0.000017
0.000017
0.000017
0.000015
0.000014
0.000012
0.000010
0.000008
0.000006
0.000004
0.000002
0.000001
0.000000
