0.000000
0.000000
0.000001
0.000002
0.000004
0.000006
0.000009
0.000012
0.000016
0.000020
0.000025
0.000030
0.000036
0.000042
0.000049
0.000056
0.000063
0.000071
0.000080
0.000089
0.000098
0.000108
0.000118
0.000128
0.000139
0.000150
0.000162
0.000174
0.000186
0.000198
0.000211
0.000224
0.000237
0.000251
0.000265
0.000279
0.000293
0.000307
0.000322
0.000336
0.000351
0.000366
0.000381
0.000396
0.000411
0.000426
0.000441
0.000456
0.000471
0.000486
0.000500
0.000515
0.000530
0.000544
0.000558
0.000572
0.000586
0.000600
0.000613
0.000626
0.000638
0.000651
0.000663
0.000674
0.000685
0.000696
0.000707
0.000716
0.000726
0.000735
0.000743
0.000751
0.000758
0.000765
0.000771
0.000776
0.000781
0.000785
0.000788
0.000791
0.000793
0.000794
0.000795
0.000795
0.000794
0.000792
0.000789
0.000786
0.000782
0.000777
0.000771
0.000764
0.000756
0.000747
0.000738
0.000728
0.000716
0.000704
0.000691
0.000677
0.000662
0.000646
0.000629
0.000611
0.000592
0.000573
0.000552
0.000530
0.000508
0.000484
0.000460
0.000434
0.000408
0.000381
0.000353
0.000323
0.000293
0.000263
0.000231
0.000198
0.000164
0.000130
0.000095
0.000059
0.000022
-0.000016
-0.000054
-0.000094
-0.000134
-0.000174
-0.000216
-0.000258
-0.000301
-0.000344
-0.000389
-0.000433
-0.000479
-0.000525
-0.000571
-0.000618
-0.000666
-0.000714
-0.000762
-0.000811
-0.000860
-0.000910
-0.000959
-0.001010
-0.001060
-0.001111
-0.001162
-0.001213
-0.001264
-0.001315
-0.001367
-0.001418
-0.001470
-0.001521
-0.001573
-0.001624
-0.001676
-0.001727
-0.001778
-0.001829
-0.001879
-0.001929
-0.001979
-0.002029
-0.002078
-0.002127
-0.002175
-0.002223
-0.002271
-0.002317
-0.002364
-0.002409
-0.002454
-0.002499
-0.002542
-0.002585
-0.002627
-0.002669
-0.002709
-0.002749
-0.002787
-0.002825
-0.002862
-0.002898
-0.002933
-0.002966
-0.002999
-0.003031
-0.003061
-0.003091
-0.003119
-0.003146
-0.003172
-0.003196
-0.003220
-0.003242
-0.003263
-0.003282
-0.003300
-0.003317
-0.003332
-0.003347
-0.003359
-0.003370
-0.003380
-0.003389
-0.003396
-0.003401
-0.003405
-0.003408
-0.003409
-0.003408
-0.003407
-0.003403
-0.003398
-0.003392
-0.003384
-0.003375
-0.003364
-0.003352
-0.003338
-0.003323
-0.003306
-0.003288
-0.003268
-0.003247
-0.003224
-0.003200
-0.003175
-0.003148
-0.003120
-0.003091
-0.003060
-0.003028
-0.002994
-0.002959
-0.002923
-0.002886
-0.002847
-0.002808
-0.002767
-0.002725
-0.002682
-0.002637
-0.002592
-0.002546
-0.002498
-0.002450
-0.002401
-0.002351
-0.002300
-0.002248
-0.002195
-0.002142
-0.002088
-0.002033
-0.001977
-0.001921
-0.001865
-0.001807
-0.001750
-0.001692
-0.001633
-0.001574
-0.001515
-0.001456
-0.001396
-0.001336
-0.001276
-0.001216
-0.001156
-0.001096
-0.001036
-0.000976
-0.000917
-0.000857
-0.000798
-0.000739
-0.000680
-0.000622
-0.000564
-0.000506
-0.000449
-0.000393
-0.000337
-0.000282
-0.000228
-0.000174
-0.000121
-0.000069
-0.000018
0.000032
0.000081
0.000129
0.000177
0.000223
0.000267
0.000311
0.000353
0.000395
0.000435
0.000473
0.000510
0.000546
0.000580
0.000613
0.000644
0.000674
0.000702
0.000728
0.000753
0.000776
0.000797
0.000817
0.000835
0.000851
0.000865
0.000877
0.000887
0.000896
0.000903
0.000907
0.000910
0.000911
0.000909
0.000906
0.000901
0.000894
0.000884
0.000873
0.000859
0.000844
0.000826
0.000806
0.000785
0.000761
0.000735
0.000707
0.000677
0.000644
0.000610
0.000574
0.000536
0.000495
0.000453
0.000408
0.000362
0.000313
0.000263
0.000210
0.000156
0.000099
0.000041
-0.000019
-0.000081
-0.000145
-0.000211
-0.000278
-0.000347
-0.000418
-0.000491
-0.000565
-0.000641
-0.000719
-0.000798
-0.000878
-0.000961
-0.001044
-0.001129
-0.001216
-0.001304
-0.001393
-0.001483
-0.001574
-0.001667
-0.001761
-0.001856
-0.001952
-0.002049
-0.002147
-0.002246
-0.002345
-0.002446
-0.002547
-0.002649
-0.002751
-0.002854
-0.002958
-0.003062
-0.003167
-0.003272
-0.003377
-0.003483
-0.003588
-0.003695
-0.003801
-0.003907
-0.004013
-0.004119
-0.004225
-0.004331
-0.004437
-0.004543
-0.004648
-0.004753
-0.004858
-0.004962
-0.005065
-0.005168
-0.005271
-0.005372
-0.005473
-0.005574
-0.005673
-0.005772
-0.005870
-0.005967
-0.006063
-0.006157
-0.006251
-0.006344
-0.006435
-0.006526
-0.006615
-0.006703
-0.006789
-0.006874
-0.006958
-0.007041
-0.007121
-0.007201
-0.007279
-0.007355
-0.007430
-0.007503
-0.007575
-0.007644
-0.007712
-0.007779
-0.007844
-0.007907
-0.007968
-0.008027
-0.008085
-0.008140
-0.008194
-0.008246
-0.008296
-0.008345
-0.008391
-0.008435
-0.008478
-0.008519
-0.008557
-0.008594
-0.008629
-0.008662
-0.008693
-0.008722
-0.008750
-0.008775
-0.008798
-0.008820
-0.008840
-0.008858
-0.008874
-0.008888
-0.008900
-0.008911
-0.008919
-0.008926
-0.008931
-0.008935
-0.008937
-0.008937
-0.008935
-0.008932
-0.008927
-0.008921
-0.008913
-0.008904
-0.008893
-0.008881
-0.008867
-0.008852
-0.008835
-0.008818
-0.008799
-0.008778
-0.008757
-0.008735
-0.008711
-0.008686
-0.008660
-0.008634
-0.008606
-0.008577
-0.008548
-0.008518
-0.008487
-0.008455
-0.008423
-0.008390
-0.008356
-0.008322
-0.008288
-0.008253
-0.008218
-0.008182
-0.008146
-0.008110
-0.008074
-0.008037
-0.008001
-0.007964
-0.007927
-0.007891
-0.007854
-0.007818
-0.007782
-0.007746
-0.007711
-0.007676
-0.007641
-0.007606
-0.007572
-0.007539
-0.007506
-0.007474
-0.007443
-0.007412
-0.007382
-0.007352
-0.007324
-0.007296
-0.007269
-0.007243
-0.007219
-0.007195
-0.007172
-0.007150
-0.007129
-0.007110
-0.007091
-0.007074
-0.007058
-0.007044
-0.007030
-0.007018
-0.007007
-0.006998
-0.006990
-0.006983
-0.006978
-0.006974
-0.006972
-0.006971
-0.006971
-0.006973
-0.006977
-0.006982
-0.006988
-0.006996
-0.007006
-0.007017
-0.007030
-0.007044
-0.007060
-0.007077
-0.007096
-0.007116
-0.007138
-0.007161
-0.007186
-0.007213
-0.007241
-0.007270
-0.007301
-0.007333
-0.007367
-0.007403
-0.007439
-0.007477
-0.007517
-0.007558
-0.007600
-0.007643
-0.007688
-0.007734
-0.007782
-0.007830
-0.007880
-0.007931
-0.007983
-0.008036
-0.008090
-0.008146
-0.008202
-0.008259
-0.008317
-0.008376
-0.008436
-0.008497
-0.008559
-0.008621
-0.008684
-0.008748
-0.008812
-0.008877
-0.008943
-0.009009
-0.009075
-0.009142
-0.009210
-0.009277
-0.009345
-0.009414
-0.009482
-0.009551
-0.009620
-0.009689
-0.009758
-0.009827
-0.009896
-0.009965
-0.010034
-0.010103
-0.010171
-0.010239
-0.010307
-0.010375
-0.010443
-0.010510
-0.010576
-0.010643
-0.010708
-0.010773
-0.010838
-0.010902
-0.010965
-0.011028
-0.011090
-0.011151
-0.011212
-0.011272
-0.011331
-0.011389
-0.011446
-0.011502
-0.011558
-0.011612
-0.011666
-0.011718
-0.011770
-0.011820
-0.011870
-0.011918
-0.011965
-0.012012
-0.012057
-0.012101
-0.012144
-0.012186
-0.012226
-0.012266
-0.012304
-0.012341
-0.012377
-0.012412
-0.012446
-0.012479
-0.012510
-0.012541
-0.012570
-0.012598
-0.012625
-0.012651
-0.012676
-0.012700
-0.012722
-0.012744
-0.012764
-0.012784
-0.012803
-0.012820
-0.012837
-0.012853
-0.012868
-0.012882
-0.012895
-0.012908
-0.012919
-0.012930
-0.012941
-0.012950
-0.012959
-0.012967
-0.012975
-0.012982
-0.012989
-0.012996
-0.013001
-0.013007
-0.013012
-0.013017
-0.013022
-0.013027
-0.013031
-0.013035
-0.013040
-0.013044
-0.013048
-0.013053
-0.013057
-0.013062
-0.013067
-0.013073
-0.013079
-0.013085
-0.013091
-0.013099
-0.013106
-0.013115
-0.013124
-0.013133
-0.013144
-0.013155
-0.013167
-0.013180
-0.013195
-0.013210
-0.013226
-0.013243
-0.013262
-0.013281
-0.013302
-0.013325
-0.013348
-0.013374
-0.013400
-0.013428
-0.013458
-0.013489
-0.013522
-0.013556
-0.013593
-0.013631
-0.013670
-0.013712
-0.013755
-0.013801
-0.013848
-0.013897
-0.013948
-0.014002
-0.014057
-0.014114
-0.014174
-0.014235
-0.014299
-0.014365
-0.014433
-0.014503
-0.014575
-0.014650
-0.014727
-0.014806
-0.014887
-0.014970
-0.015056
-0.015144
-0.015235
-0.015327
-0.015422
-0.015519
-0.015618
-0.015720
-0.015823
-0.015929
-0.016037
-0.016148
-0.016260
-0.016374
-0.016491
-0.016610
-0.016730
-0.016853
-0.016978
-0.017105
-0.017233
-0.017364
-0.017496
-0.017630
-0.017766
-0.017904
-0.018043
-0.018184
-0.018326
-0.018470
-0.018616
-0.018762
-0.018911
-0.019060
-0.019211
-0.019363
-0.019516
-0.019670
-0.019825
-0.019981
-0.020138
-0.020295
-0.020454
-0.020612
-0.020772
-0.020932
-0.021092
-0.021253
-0.021414
-0.021575
-0.021736
-0.021898
-0.022059
-0.022220
-0.022381
-0.022541
-0.022701
-0.022861
-0.023020
-0.023179
-0.023336
-0.023493
-0.023649
-0.023804
-0.023958
-0.024111
-0.024262
-0.024412
-0.024561
-0.024708
-0.024854
-0.024998
-0.025140
-0.025281
-0.025419
-0.025556
-0.025690
-0.025823
-0.025953
-0.026080
-0.026206
-0.026329
-0.026449
-0.026567
-0.026682
-0.026794
-0.026903
-0.027010
-0.027114
-0.027214
-0.027312
-0.027406
-0.027497
-0.027585
-0.027670
-0.027751
-0.027828
-0.027903
-0.027973
-0.028041
-0.028104
-0.028164
-0.028220
-0.028273
-0.028322
-0.028366
-0.028408
-0.028445
-0.028478
-0.028508
-0.028533
-0.028555
-0.028573
-0.028586
-0.028596
-0.028602
-0.028604
-0.028602
-0.028595
-0.028585
-0.028571
-0.028553
-0.028531
-0.028506
-0.028476
-0.028442
-0.028405
-0.028364
-0.028319
-0.028270
-0.028217
-0.028161
-0.028101
-0.028038
-0.027971
-0.027901
-0.027827
-0.027750
-0.027669
-0.027585
-0.027498
-0.027408
-0.027315
-0.027219
-0.027120
-0.027018
-0.026913
-0.026806
-0.026696
-0.026584
-0.026469
-0.026352
-0.026233
-0.026111
-0.025988
-0.025862
-0.025735
-0.025606
-0.025476
-0.025344
-0.025210
-0.025075
-0.024939
-0.024802
-0.024665
-0.024526
-0.024386
-0.024246
-0.024106
-0.023965
-0.023823
-0.023682
-0.023541
-0.023400
-0.023259
-0.023118
-0.022978
-0.022839
-0.022700
-0.022563
-0.022426
-0.022290
-0.022156
-0.022023
-0.021892
-0.021762
-0.021634
-0.021508
-0.021384
-0.021262
-0.021143
-0.021026
-0.020911
-0.020799
-0.020689
-0.020583
-0.020480
-0.020379
-0.020282
-0.020188
-0.020098
-0.020011
-0.019928
-0.019848
-0.019773
-0.019701
-0.019633
-0.019570
-0.019511
-0.019456
-0.019406
-0.019360
-0.019318
-0.019282
-0.019250
-0.019223
-0.019201
-0.019184
-0.019171
-0.019164
-0.019163
-0.019166
-0.019175
-0.019189
-0.019208
-0.019233
-0.019263
-0.019299
-0.019341
-0.019388
-0.019440
-0.019498
-0.019562
-0.019632
-0.019707
-0.019788
-0.019874
-0.019967
-0.020064
-0.020168
-0.020277
-0.020392
-0.020513
-0.020639
-0.020771
-0.020909
-0.021052
-0.021200
-0.021354
-0.021514
-0.021678
-0.021849
-0.022024
-0.022205
-0.022390
-0.022581
-0.022777
-0.022978
-0.023184
-0.023395
-0.023610
-0.023830
-0.024055
-0.024284
-0.024517
-0.024755
-0.024996
-0.025242
-0.025492
-0.025746
-0.026003
-0.026264
-0.026529
-0.026797
-0.027068
-0.027343
-0.027620
-0.027900
-0.028183
-0.028469
-0.028757
-0.029048
-0.029340
-0.029635
-0.029932
-0.030230
-0.030530
-0.030832
-0.031135
-0.031439
-0.031744
-0.032050
-0.032357
-0.032664
-0.032972
-0.033280
-0.033588
-0.033896
-0.034204
-0.034511
-0.034818
-0.035125
-0.035430
-0.035735
-0.036039
-0.036341
-0.036642
-0.036941
-0.037238
-0.037534
-0.037827
-0.038119
-0.038408
-0.038694
-0.038978
-0.039260
-0.039538
-0.039813
-0.040085
-0.040354
-0.040620
-0.040881
-0.041140
-0.041394
-0.041644
-0.041891
-0.042133
-0.042371
-0.042604
-0.042833
-0.043057
-0.043277
-0.043491
-0.043701
-0.043906
-0.044106
-0.044300
-0.044489
-0.044673
-0.044852
-0.045025
-0.045192
-0.045354
-0.045510
-0.045660
-0.045804
-0.045943
-0.046076
-0.046203
-0.046324
-0.046438
-0.046547
-0.046650
-0.046747
-0.046837
-0.046922
-0.047000
-0.047072
-0.047138
-0.047198
-0.047252
-0.047300
-0.047342
-0.047378
-0.047408
-0.047431
-0.047449
-0.047461
-0.047467
-0.047467
-0.047462
-0.047451
-0.047434
-0.047411
-0.047383
-0.047350
-0.047311
-0.047267
-0.047218
-0.047163
-0.047104
-0.047039
-0.046970
-0.046896
-0.046818
-0.046735
-0.046647
-0.046555
-0.046459
-0.046359
-0.046255
-0.046147
-0.046036
-0.045920
-0.045802
-0.045680
-0.045555
-0.045427
-0.045296
-0.045162
-0.045026
-0.044887
-0.044746
-0.044602
-0.044457
-0.044310
-0.044161
-0.044011
-0.043859
-0.043706
-0.043551
-0.043396
-0.043240
-0.043084
-0.042927
-0.042770
-0.042612
-0.042455
-0.042297
-0.042140
-0.041984
-0.041828
-0.041672
-0.041518
-0.041365
-0.041213
-0.041062
-0.040913
-0.040766
-0.040620
-0.040477
-0.040335
-0.040196
-0.040059
-0.039924
-0.039792
-0.039663
-0.039537
-0.039413
-0.039293
-0.039176
-0.039062
-0.038952
-0.038846
-0.038743
-0.038644
-0.038548
-0.038457
-0.038370
-0.038286
-0.038208
-0.038133
-0.038063
-0.037997
-0.037936
-0.037879
-0.037827
-0.037779
-0.037737
-0.037699
-0.037666
-0.037638
-0.037614
-0.037596
-0.037583
-0.037574
-0.037571
-0.037573
-0.037579
-0.037591
-0.037607
-0.037629
-0.037656
-0.037687
-0.037724
-0.037765
-0.037812
-0.037863
-0.037919
-0.037980
-0.038045
-0.038115
-0.038190
-0.038269
-0.038353
-0.038442
-0.038534
-0.038631
-0.038732
-0.038838
-0.038947
-0.039060
-0.039177
-0.039298
-0.039422
-0.039550
-0.039681
-0.039816
-0.039954
-0.040095
-0.040238
-0.040385
-0.040534
-0.040686
-0.040841
-0.040997
-0.041156
-0.041317
-0.041479
-0.041643
-0.041809
-0.041977
-0.042145
-0.042315
-0.042486
-0.042657
-0.042830
-0.043002
-0.043175
-0.043349
-0.043522
-0.043695
-0.043868
-0.044041
-0.044213
-0.044384
-0.044555
-0.044724
-0.044893
-0.045059
-0.045225
-0.045389
-0.045551
-0.045711
-0.045869
-0.046024
-0.046178
-0.046329
-0.046477
-0.046622
-0.046765
-0.046904
-0.047041
-0.047174
-0.047303
-0.047430
-0.047552
-0.047671
-0.047786
-0.047897
-0.048004
-0.048107
-0.048205
-0.048299
-0.048389
-0.048474
-0.048555
-0.048631
-0.048703
-0.048770
-0.048832
-0.048889
-0.048941
-0.048988
-0.049031
-0.049068
-0.049101
-0.049128
-0.049150
-0.049168
-0.049180
-0.049187
-0.049190
-0.049187
-0.049179
-0.049167
-0.049149
-0.049127
-0.049099
-0.049067
-0.049031
-0.048989
-0.048944
-0.048893
-0.048838
-0.048779
-0.048716
-0.048649
-0.048577
-0.048502
-0.048423
-0.048340
-0.048254
-0.048164
-0.048071
-0.047975
-0.047876
-0.047774
-0.047669
-0.047562
-0.047453
-0.047341
-0.047228
-0.047112
-0.046995
-0.046877
-0.046758
-0.046637
-0.046516
-0.046394
-0.046271
-0.046149
-0.046026
-0.045904
-0.045782
-0.045661
-0.045541
-0.045422
-0.045305
-0.045189
-0.045075
-0.044963
-0.044853
-0.044746
-0.044642
-0.044540
-0.044443
-0.044348
-0.044258
-0.044171
-0.044089
-0.044012
-0.043939
-0.043871
-0.043808
-0.043751
-0.043700
-0.043654
-0.043615
-0.043582
-0.043556
-0.043537
-0.043524
-0.043520
-0.043522
-0.043533
-0.043551
-0.043578
-0.043612
-0.043656
-0.043708
-0.043769
-0.043839
-0.043919
-0.044008
-0.044106
-0.044215
-0.044333
-0.044462
-0.044600
-0.044749
-0.044909
-0.045079
-0.045259
-0.045451
-0.045653
-0.045867
-0.046091
-0.046327
-0.046574
-0.046832
-0.047101
-0.047382
-0.047674
-0.047978
-0.048292
-0.048619
-0.048956
-0.049305
-0.049666
-0.050037
-0.050420
-0.050814
-0.051219
-0.051636
-0.052063
-0.052501
-0.052950
-0.053409
-0.053879
-0.054359
-0.054849
-0.055350
-0.055860
-0.056380
-0.056910
-0.057449
-0.057996
-0.058553
-0.059119
-0.059692
-0.060274
-0.060864
-0.061461
-0.062066
-0.062677
-0.063296
-0.063920
-0.064551
-0.065188
-0.065830
-0.066476
-0.067128
-0.067784
-0.068444
-0.069108
-0.069774
-0.070444
-0.071115
-0.071789
-0.072464
-0.073141
-0.073818
-0.074495
-0.075172
-0.075848
-0.076524
-0.077197
-0.077869
-0.078537
-0.079203
-0.079865
-0.080524
-0.081177
-0.081826
-0.082469
-0.083106
-0.083737
-0.084360
-0.084976
-0.085584
-0.086184
-0.086774
-0.087354
-0.087925
-0.088484
-0.089033
-0.089570
-0.090094
-0.090606
-0.091105
-0.091590
-0.092061
-0.092517
-0.092958
-0.093383
-0.093791
-0.094184
-0.094559
-0.094916
-0.095255
-0.095576
-0.095877
-0.096159
-0.096422
-0.096664
-0.096885
-0.097085
-0.097263
-0.097419
-0.097553
-0.097664
-0.097753
-0.097817
-0.097858
-0.097875
-0.097867
-0.097835
-0.097777
-0.097694
-0.097586
-0.097452
-0.097291
-0.097105
-0.096892
-0.096652
-0.096385
-0.096091
-0.095770
-0.095422
-0.095047
-0.094643
-0.094213
-0.093754
-0.093268
-0.092754
-0.092213
-0.091643
-0.091046
-0.090422
-0.089769
-0.089090
-0.088382
-0.087648
-0.086886
-0.086098
-0.085283
-0.084441
-0.083573
-0.082678
-0.081758
-0.080812
-0.079841
-0.078845
-0.077825
-0.076780
-0.075711
-0.074619
-0.073504
-0.072366
-0.071206
-0.070025
-0.068822
-0.067599
-0.066355
-0.065092
-0.063810
-0.062510
-0.061192
-0.059857
-0.058505
-0.057138
-0.055756
-0.054359
-0.052949
-0.051525
-0.050090
-0.048643
-0.047185
-0.045718
-0.044242
-0.042758
-0.041266
-0.039768
-0.038265
-0.036757
-0.035245
-0.033731
-0.032214
-0.030697
-0.029180
-0.027664
-0.026150
-0.024638
-0.023131
-0.021629
-0.020133
-0.018644
-0.017163
-0.015691
-0.014229
-0.012779
-0.011340
-0.009915
-0.008505
-0.007110
-0.005731
-0.004370
-0.003028
-0.001705
-0.000403
0.000876
0.002133
0.003366
0.004574
0.005756
0.006910
0.008036
0.009133
0.010199
0.011235
0.012237
0.013206
0.014141
0.015040
0.015903
0.016729
0.017516
0.018263
0.018971
0.019637
0.020261
0.020842
0.021379
0.021871
0.022317
0.022717
0.023070
0.023375
0.023631
0.023837
0.023993
0.024098
0.024151
0.024152
0.024100
0.023994
0.023834
0.023619
0.023349
0.023023
0.022640
0.022201
0.021705
0.021151
0.020539
0.019869
0.019140
0.018353
0.017506
0.016600
0.015634
0.014609
0.013524
0.012379
0.011175
0.009910
0.008586
0.007202
0.005758
0.004255
0.002692
0.001070
-0.000611
-0.002350
-0.004148
-0.006003
-0.007917
-0.009887
-0.011914
-0.013997
-0.016136
-0.018330
-0.020578
-0.022880
-0.025235
-0.027642
-0.030100
-0.032610
-0.035169
-0.037777
-0.040433
-0.043136
-0.045885
-0.048680
-0.051518
-0.054398
-0.057321
-0.060284
-0.063286
-0.066326
-0.069403
-0.072515
-0.075660
-0.078839
-0.082048
-0.085288
-0.088555
-0.091849
-0.095167
-0.098509
-0.101873
-0.105257
-0.108660
-0.112079
-0.115513
-0.118960
-0.122418
-0.125886
-0.129361
-0.132843
-0.136328
-0.139814
-0.143301
-0.146786
-0.150266
-0.153741
-0.157207
-0.160663
-0.164107
-0.167536
-0.170949
-0.174344
-0.177717
-0.181068
-0.184393
-0.187691
-0.190960
-0.194196
-0.197399
-0.200566
-0.203695
-0.206782
-0.209827
-0.212827
-0.215780
-0.218683
-0.221534
-0.224332
-0.227072
-0.229755
-0.232377
-0.234935
-0.237429
-0.239855
-0.242212
-0.244496
-0.246707
-0.248842
-0.250898
-0.252874
-0.254767
-0.256576
-0.258298
-0.259931
-0.261474
-0.262923
-0.264277
-0.265535
-0.266694
-0.267752
-0.268707
-0.269558
-0.270302
-0.270938
-0.271465
-0.271879
-0.272180
-0.272366
-0.272435
-0.272386
-0.272217
-0.271926
-0.271513
-0.270975
-0.270311
-0.269520
-0.268600
-0.267551
-0.266370
-0.265058
-0.263612
-0.262031
-0.260315
-0.258463
-0.256473
-0.254345
-0.252077
-0.249670
-0.247122
-0.244433
-0.241602
-0.238628
-0.235511
-0.232251
-0.228846
-0.225298
-0.221605
-0.217767
-0.213784
-0.209657
-0.205384
-0.200966
-0.196403
-0.191695
-0.186843
-0.181846
-0.176706
-0.171421
-0.165993
-0.160423
-0.154710
-0.148856
-0.142861
-0.136726
-0.130452
-0.124039
-0.117489
-0.110802
-0.103980
-0.097024
-0.089935
-0.082714
-0.075363
-0.067883
-0.060275
-0.052540
-0.044682
-0.036700
-0.028597
-0.020375
-0.012034
-0.003578
0.004992
0.013673
0.022465
0.031365
0.040371
0.049480
0.058690
0.067999
0.077405
0.086905
0.096497
0.106178
0.115946
0.125798
0.135731
0.145743
0.155831
0.165993
0.176224
0.186524
0.196887
0.207313
0.217797
0.228337
0.238929
0.249571
0.260259
0.270991
0.281762
0.292570
0.303412
0.314283
0.325182
0.336104
0.347046
0.358005
0.368978
0.379960
0.390949
0.401941
0.412932
0.423920
0.434899
0.445868
0.456823
0.467759
0.478674
0.489564
0.500424
0.511253
0.522046
0.532799
0.543510
0.554174
0.564787
0.575348
0.585851
0.596293
0.606672
0.616982
0.627222
0.637387
0.647473
0.657478
0.667399
0.677231
0.686971
0.696616
0.706163
0.715608
0.724948
0.734179
0.743300
0.752306
0.761194
0.769961
0.778604
0.787121
0.795507
0.803761
0.811879
0.819858
0.827696
0.835390
0.842936
0.850333
0.857578
0.864668
0.871600
0.878373
0.884984
0.891430
0.897708
0.903818
0.909757
0.915522
0.921111
0.926523
0.931755
0.936806
0.941674
0.946357
0.950853
0.955161
0.959279
0.963206
0.966940
0.970480
0.973825
0.976973
0.979923
0.982675
0.985226
0.987577
0.989727
0.991674
0.993418
0.994958
0.996294
0.997426
0.998352
0.999073
0.999588
0.999897
1.000000
0.999897
0.999588
0.999073
0.998352
0.997426
0.996294
0.994958
0.993418
0.991674
0.989727
0.987577
0.985226
0.982675
0.979923
0.976973
0.973825
0.970480
0.966940
0.963206
0.959279
0.955161
0.950853
0.946357
0.941674
0.936806
0.931755
0.926523
0.921111
0.915522
0.909757
0.903818
0.897708
0.891430
0.884984
0.878373
0.871600
0.864668
0.857578
0.850333
0.842936
0.835390
0.827696
0.819858
0.811879
0.803761
0.795507
0.787121
0.778604
0.769961
0.761194
0.752306
0.743300
0.734179
0.724948
0.715608
0.706163
0.696616
0.686971
0.677231
0.667399
0.657478
0.647473
0.637387
0.627222
0.616982
0.606672
0.596293
0.585851
0.575348
0.564787
0.554174
0.543510
0.532799
0.522046
0.511253
0.500424
0.489564
0.478674
0.467759
0.456823
0.445868
0.434899
0.423920
0.412932
0.401941
0.390949
0.379960
0.368978
0.358005
0.347046
0.336104
0.325182
0.314283
0.303412
0.292570
0.281762
0.270991
0.260259
0.249571
0.238929
0.228337
0.217797
0.207313
0.196887
0.186524
0.176224
0.165993
0.155831
0.145743
0.135731
0.125798
0.115946
0.106178
0.096497
0.086905
0.077405
0.067999
0.058690
0.049480
0.040371
0.031365
0.022465
0.013673
0.004992
-0.003578
-0.012034
-0.020375
-0.028597
-0.036700
-0.044682
-0.052540
-0.060275
-0.067883
-0.075363
-0.082714
-0.089935
-0.097024
-0.103980
-0.110802
-0.117489
-0.124039
-0.130452
-0.136726
-0.142861
-0.148856
-0.154710
-0.160423
-0.165993
-0.171421
-0.176706
-0.181846
-0.186843
-0.191695
-0.196403
-0.200966
-0.205384
-0.209657
-0.213784
-0.217767
-0.221605
-0.225298
-0.228846
-0.232251
-0.235511
-0.238628
-0.241602
-0.244433
-0.247122
-0.249670
-0.252077
-0.254345
-0.256473
-0.258463
-0.260315
-0.262031
-0.263612
-0.265058
-0.266370
-0.267551
-0.268600
-0.269520
-0.270311
-0.270975
-0.271513
-0.271926
-0.272217
-0.272386
-0.272435
-0.272366
-0.272180
-0.271879
-0.271465
-0.270938
-0.270302
-0.269558
-0.268707
-0.267752
-0.266694
-0.265535
-0.264277
-0.262923
-0.261474
-0.259931
-0.258298
-0.256576
-0.254767
-0.252874
-0.250898
-0.248842
-0.246707
-0.244496
-0.242212
-0.239855
-0.237429
-0.234935
-0.232377
-0.229755
-0.227072
-0.224332
-0.221534
-0.218683
-0.215780
-0.212827
-0.209827
-0.206782
-0.203695
-0.200566
-0.197399
-0.194196
-0.190960
-0.187691
-0.184393
-0.181068
-0.177717
-0.174344
-0.170949
-0.167536
-0.164107
-0.160663
-0.157207
-0.153741
-0.150266
-0.146786
-0.143301
-0.139814
-0.136328
-0.132843
-0.129361
-0.125886
-0.122418
-0.118960
-0.115513
-0.112079
-0.108660
-0.105257
-0.101873
-0.098509
-0.095167
-0.091849
-0.088555
-0.085288
-0.082048
-0.078839
-0.075660
-0.072515
-0.069403
-0.066326
-0.063286
-0.060284
-0.057321
-0.054398
-0.051518
-0.048680
-0.045885
-0.043136
-0.040433
-0.037777
-0.035169
-0.032610
-0.030100
-0.027642
-0.025235
-0.022880
-0.020578
-0.018330
-0.016136
-0.013997
-0.011914
-0.009887
-0.007917
-0.006003
-0.004148
-0.002350
-0.000611
0.001070
0.002692
0.004255
0.005758
0.007202
0.008586
0.009910
0.011175
0.012379
0.013524
0.014609
0.015634
0.016600
0.017506
0.018353
0.019140
0.019869
0.020539
0.021151
0.021705
0.022201
0.022640
0.023023
0.023349
0.023619
0.023834
0.023994
0.024100
0.024152
0.024151
0.024098
0.023993
0.023837
0.023631
0.023375
0.023070
0.022717
0.022317
0.021871
0.021379
0.020842
0.020261
0.019637
0.018971
0.018263
0.017516
0.016729
0.015903
0.015040
0.014141
0.013206
0.012237
0.011235
0.010199
0.009133
0.008036
0.006910
0.005756
0.004574
0.003366
0.002133
0.000876
-0.000403
-0.001705
-0.003028
-0.004370
-0.005731
-0.007110
-0.008505
-0.009915
-0.011340
-0.012779
-0.014229
-0.015691
-0.017163
-0.018644
-0.020133
-0.021629
-0.023131
-0.024638
-0.026150
-0.027664
-0.029180
-0.030697
-0.032214
-0.033731
-0.035245
-0.036757
-0.038265
-0.039768
-0.041266
-0.042758
-0.044242
-0.045718
-0.047185
-0.048643
-0.050090
-0.051525
-0.052949
-0.054359
-0.055756
-0.057138
-0.058505
-0.059857
-0.061192
-0.062510
-0.063810
-0.065092
-0.066355
-0.067599
-0.068822
-0.070025
-0.071206
-0.072366
-0.073504
-0.074619
-0.075711
-0.076780
-0.077825
-0.078845
-0.079841
-0.080812
-0.081758
-0.082678
-0.083573
-0.084441
-0.085283
-0.086098
-0.086886
-0.087648
-0.088382
-0.089090
-0.089769
-0.090422
-0.091046
-0.091643
-0.092213
-0.092754
-0.093268
-0.093754
-0.094213
-0.094643
-0.095047
-0.095422
-0.095770
-0.096091
-0.096385
-0.096652
-0.096892
-0.097105
-0.097291
-0.097452
-0.097586
-0.097694
-0.097777
-0.097835
-0.097867
-0.097875
-0.097858
-0.097817
-0.097753
-0.097664
-0.097553
-0.097419
-0.097263
-0.097085
-0.096885
-0.096664
-0.096422
-0.096159
-0.095877
-0.095576
-0.095255
-0.094916
-0.094559
-0.094184
-0.093791
-0.093383
-0.092958
-0.092517
-0.092061
-0.091590
-0.091105
-0.090606
-0.090094
-0.089570
-0.089033
-0.088484
-0.087925
-0.087354
-0.086774
-0.086184
-0.085584
-0.084976
-0.084360
-0.083737
-0.083106
-0.082469
-0.081826
-0.081177
-0.080524
-0.079865
-0.079203
-0.078537
-0.077869
-0.077197
-0.076524
-0.075848
-0.075172
-0.074495
-0.073818
-0.073141
-0.072464
-0.071789
-0.071115
-0.070444
-0.069774
-0.069108
-0.068444
-0.067784
-0.067128
-0.066476
-0.065830
-0.065188
-0.064551
-0.063920
-0.063296
-0.062677
-0.062066
-0.061461
-0.060864
-0.060274
-0.059692
-0.059119
-0.058553
-0.057996
-0.057449
-0.056910
-0.056380
-0.055860
-0.055350
-0.054849
-0.054359
-0.053879
-0.053409
-0.052950
-0.052501
-0.052063
-0.051636
-0.051219
-0.050814
-0.050420
-0.050037
-0.049666
-0.049305
-0.048956
-0.048619
-0.048292
-0.047978
-0.047674
-0.047382
-0.047101
-0.046832
-0.046574
-0.046327
-0.046091
-0.045867
-0.045653
-0.045451
-0.045259
-0.045079
-0.044909
-0.044749
-0.044600
-0.044462
-0.044333
-0.044215
-0.044106
-0.044008
-0.043919
-0.043839
-0.043769
-0.043708
-0.043656
-0.043612
-0.043578
-0.043551
-0.043533
-0.043522
-0.043520
-0.043524
-0.043537
-0.043556
-0.043582
-0.043615
-0.043654
-0.043700
-0.043751
-0.043808
-0.043871
-0.043939
-0.044012
-0.044089
-0.044171
-0.044258
-0.044348
-0.044443
-0.044540
-0.044642
-0.044746
-0.044853
-0.044963
-0.045075
-0.045189
-0.045305
-0.045422
-0.045541
-0.045661
-0.045782
-0.045904
-0.046026
-0.046149
-0.046271
-0.046394
-0.046516
-0.046637
-0.046758
-0.046877
-0.046995
-0.047112
-0.047228
-0.047341
-0.047453
-0.047562
-0.047669
-0.047774
-0.047876
-0.047975
-0.048071
-0.048164
-0.048254
-0.048340
-0.048423
-0.048502
-0.048577
-0.048649
-0.048716
-0.048779
-0.048838
-0.048893
-0.048944
-0.048989
-0.049031
-0.049067
-0.049099
-0.049127
-0.049149
-0.049167
-0.049179
-0.049187
-0.049190
-0.049187
-0.049180
-0.049168
-0.049150
-0.049128
-0.049101
-0.049068
-0.049031
-0.048988
-0.048941
-0.048889
-0.048832
-0.048770
-0.048703
-0.048631
-0.048555
-0.048474
-0.048389
-0.048299
-0.048205
-0.048107
-0.048004
-0.047897
-0.047786
-0.047671
-0.047552
-0.047430
-0.047303
-0.047174
-0.047041
-0.046904
-0.046765
-0.046622
-0.046477
-0.046329
-0.046178
-0.046024
-0.045869
-0.045711
-0.045551
-0.045389
-0.045225
-0.045059
-0.044893
-0.044724
-0.044555
-0.044384
-0.044213
-0.044041
-0.043868
-0.043695
-0.043522
-0.043349
-0.043175
-0.043002
-0.042830
-0.042657
-0.042486
-0.042315
-0.042145
-0.041977
-0.041809
-0.041643
-0.041479
-0.041317
-0.041156
-0.040997
-0.040841
-0.040686
-0.040534
-0.040385
-0.040238
-0.040095
-0.039954
-0.039816
-0.039681
-0.039550
-0.039422
-0.039298
-0.039177
-0.039060
-0.038947
-0.038838
-0.038732
-0.038631
-0.038534
-0.038442
-0.038353
-0.038269
-0.038190
-0.038115
-0.038045
-0.037980
-0.037919
-0.037863
-0.037812
-0.037765
-0.037724
-0.037687
-0.037656
-0.037629
-0.037607
-0.037591
-0.037579
-0.037573
-0.037571
-0.037574
-0.037583
-0.037596
-0.037614
-0.037638
-0.037666
-0.037699
-0.037737
-0.037779
-0.037827
-0.037879
-0.037936
-0.037997
-0.038063
-0.038133
-0.038208
-0.038286
-0.038370
-0.038457
-0.038548
-0.038644
-0.038743
-0.038846
-0.038952
-0.039062
-0.039176
-0.039293
-0.039413
-0.039537
-0.039663
-0.039792
-0.039924
-0.040059
-0.040196
-0.040335
-0.040477
-0.040620
-0.040766
-0.040913
-0.041062
-0.041213
-0.041365
-0.041518
-0.041672
-0.041828
-0.041984
-0.042140
-0.042297
-0.042455
-0.042612
-0.042770
-0.042927
-0.043084
-0.043240
-0.043396
-0.043551
-0.043706
-0.043859
-0.044011
-0.044161
-0.044310
-0.044457
-0.044602
-0.044746
-0.044887
-0.045026
-0.045162
-0.045296
-0.045427
-0.045555
-0.045680
-0.045802
-0.045920
-0.046036
-0.046147
-0.046255
-0.046359
-0.046459
-0.046555
-0.046647
-0.046735
-0.046818
-0.046896
-0.046970
-0.047039
-0.047104
-0.047163
-0.047218
-0.047267
-0.047311
-0.047350
-0.047383
-0.047411
-0.047434
-0.047451
-0.047462
-0.047467
-0.047467
-0.047461
-0.047449
-0.047431
-0.047408
-0.047378
-0.047342
-0.047300
-0.047252
-0.047198
-0.047138
-0.047072
-0.047000
-0.046922
-0.046837
-0.046747
-0.046650
-0.046547
-0.046438
-0.046324
-0.046203
-0.046076
-0.045943
-0.045804
-0.045660
-0.045510
-0.045354
-0.045192
-0.045025
-0.044852
-0.044673
-0.044489
-0.044300
-0.044106
-0.043906
-0.043701
-0.043491
-0.043277
-0.043057
-0.042833
-0.042604
-0.042371
-0.042133
-0.041891
-0.041644
-0.041394
-0.041140
-0.040881
-0.040620
-0.040354
-0.040085
-0.039813
-0.039538
-0.039260
-0.038978
-0.038694
-0.038408
-0.038119
-0.037827
-0.037534
-0.037238
-0.036941
-0.036642
-0.036341
-0.036039
-0.035735
-0.035430
-0.035125
-0.034818
-0.034511
-0.034204
-0.033896
-0.033588
-0.033280
-0.032972
-0.032664
-0.032357
-0.032050
-0.031744
-0.031439
-0.031135
-0.030832
-0.030530
-0.030230
-0.029932
-0.029635
-0.029340
-0.029048
-0.028757
-0.028469
-0.028183
-0.027900
-0.027620
-0.027343
-0.027068
-0.026797
-0.026529
-0.026264
-0.026003
-0.025746
-0.025492
-0.025242
-0.024996
-0.024755
-0.024517
-0.024284
-0.024055
-0.023830
-0.023610
-0.023395
-0.023184
-0.022978
-0.022777
-0.022581
-0.022390
-0.022205
-0.022024
-0.021849
-0.021678
-0.021514
-0.021354
-0.021200
-0.021052
-0.020909
-0.020771
-0.020639
-0.020513
-0.020392
-0.020277
-0.020168
-0.020064
-0.019967
-0.019874
-0.019788
-0.019707
-0.019632
-0.019562
-0.019498
-0.019440
-0.019388
-0.019341
-0.019299
-0.019263
-0.019233
-0.019208
-0.019189
-0.019175
-0.019166
-0.019163
-0.019164
-0.019171
-0.019184
-0.019201
-0.019223
-0.019250
-0.019282
-0.019318
-0.019360
-0.019406
-0.019456
-0.019511
-0.019570
-0.019633
-0.019701
-0.019773
-0.019848
-0.019928
-0.020011
-0.020098
-0.020188
-0.020282
-0.020379
-0.020480
-0.020583
-0.020689
-0.020799
-0.020911
-0.021026
-0.021143
-0.021262
-0.021384
-0.021508
-0.021634
-0.021762
-0.021892
-0.022023
-0.022156
-0.022290
-0.022426
-0.022563
-0.022700
-0.022839
-0.022978
-0.023118
-0.023259
-0.023400
-0.023541
-0.023682
-0.023823
-0.023965
-0.024106
-0.024246
-0.024386
-0.024526
-0.024665
-0.024802
-0.024939
-0.025075
-0.025210
-0.025344
-0.025476
-0.025606
-0.025735
-0.025862
-0.025988
-0.026111
-0.026233
-0.026352
-0.026469
-0.026584
-0.026696
-0.026806
-0.026913
-0.027018
-0.027120
-0.027219
-0.027315
-0.027408
-0.027498
-0.027585
-0.027669
-0.027750
-0.027827
-0.027901
-0.027971
-0.028038
-0.028101
-0.028161
-0.028217
-0.028270
-0.028319
-0.028364
-0.028405
-0.028442
-0.028476
-0.028506
-0.028531
-0.028553
-0.028571
-0.028585
-0.028595
-0.028602
-0.028604
-0.028602
-0.028596
-0.028586
-0.028573
-0.028555
-0.028533
-0.028508
-0.028478
-0.028445
-0.028408
-0.028366
-0.028322
-0.028273
-0.028220
-0.028164
-0.028104
-0.028041
-0.027973
-0.027903
-0.027828
-0.027751
-0.027670
-0.027585
-0.027497
-0.027406
-0.027312
-0.027214
-0.027114
-0.027010
-0.026903
-0.026794
-0.026682
-0.026567
-0.026449
-0.026329
-0.026206
-0.026080
-0.025953
-0.025823
-0.025690
-0.025556
-0.025419
-0.025281
-0.025140
-0.024998
-0.024854
-0.024708
-0.024561
-0.024412
-0.024262
-0.024111
-0.023958
-0.023804
-0.023649
-0.023493
-0.023336
-0.023179
-0.023020
-0.022861
-0.022701
-0.022541
-0.022381
-0.022220
-0.022059
-0.021898
-0.021736
-0.021575
-0.021414
-0.021253
-0.021092
-0.020932
-0.020772
-0.020612
-0.020454
-0.020295
-0.020138
-0.019981
-0.019825
-0.019670
-0.019516
-0.019363
-0.019211
-0.019060
-0.018911
-0.018762
-0.018616
-0.018470
-0.018326
-0.018184
-0.018043
-0.017904
-0.017766
-0.017630
-0.017496
-0.017364
-0.017233
-0.017105
-0.016978
-0.016853
-0.016730
-0.016610
-0.016491
-0.016374
-0.016260
-0.016148
-0.016037
-0.015929
-0.015823
-0.015720
-0.015618
-0.015519
-0.015422
-0.015327
-0.015235
-0.015144
-0.015056
-0.014970
-0.014887
-0.014806
-0.014727
-0.014650
-0.014575
-0.014503
-0.014433
-0.014365
-0.014299
-0.014235
-0.014174
-0.014114
-0.014057
-0.014002
-0.013948
-0.013897
-0.013848
-0.013801
-0.013755
-0.013712
-0.013670
-0.013631
-0.013593
-0.013556
-0.013522
-0.013489
-0.013458
-0.013428
-0.013400
-0.013374
-0.013348
-0.013325
-0.013302
-0.013281
-0.013262
-0.013243
-0.013226
-0.013210
-0.013195
-0.013180
-0.013167
-0.013155
-0.013144
-0.013133
-0.013124
-0.013115
-0.013106
-0.013099
-0.013091
-0.013085
-0.013079
-0.013073
-0.013067
-0.013062
-0.013057
-0.013053
-0.013048
-0.013044
-0.013040
-0.013035
-0.013031
-0.013027
-0.013022
-0.013017
-0.013012
-0.013007
-0.013001
-0.012996
-0.012989
-0.012982
-0.012975
-0.012967
-0.012959
-0.012950
-0.012941
-0.012930
-0.012919
-0.012908
-0.012895
-0.012882
-0.012868
-0.012853
-0.012837
-0.012820
-0.012803
-0.012784
-0.012764
-0.012744
-0.012722
-0.012700
-0.012676
-0.012651
-0.012625
-0.012598
-0.012570
-0.012541
-0.012510
-0.012479
-0.012446
-0.012412
-0.012377
-0.012341
-0.012304
-0.012266
-0.012226
-0.012186
-0.012144
-0.012101
-0.012057
-0.012012
-0.011965
-0.011918
-0.011870
-0.011820
-0.011770
-0.011718
-0.011666
-0.011612
-0.011558
-0.011502
-0.011446
-0.011389
-0.011331
-0.011272
-0.011212
-0.011151
-0.011090
-0.011028
-0.010965
-0.010902
-0.010838
-0.010773
-0.010708
-0.010643
-0.010576
-0.010510
-0.010443
-0.010375
-0.010307
-0.010239
-0.010171
-0.010103
-0.010034
-0.009965
-0.009896
-0.009827
-0.009758
-0.009689
-0.009620
-0.009551
-0.009482
-0.009414
-0.009345
-0.009277
-0.009210
-0.009142
-0.009075
-0.009009
-0.008943
-0.008877
-0.008812
-0.008748
-0.008684
-0.008621
-0.008559
-0.008497
-0.008436
-0.008376
-0.008317
-0.008259
-0.008202
-0.008146
-0.008090
-0.008036
-0.007983
-0.007931
-0.007880
-0.007830
-0.007782
-0.007734
-0.007688
-0.007643
-0.007600
-0.007558
-0.007517
-0.007477
-0.007439
-0.007403
-0.007367
-0.007333
-0.007301
-0.007270
-0.007241
-0.007213
-0.007186
-0.007161
-0.007138
-0.007116
-0.007096
-0.007077
-0.007060
-0.007044
-0.007030
-0.007017
-0.007006
-0.006996
-0.006988
-0.006982
-0.006977
-0.006973
-0.006971
-0.006971
-0.006972
-0.006974
-0.006978
-0.006983
-0.006990
-0.006998
-0.007007
-0.007018
-0.007030
-0.007044
-0.007058
-0.007074
-0.007091
-0.007110
-0.007129
-0.007150
-0.007172
-0.007195
-0.007219
-0.007243
-0.007269
-0.007296
-0.007324
-0.007352
-0.007382
-0.007412
-0.007443
-0.007474
-0.007506
-0.007539
-0.007572
-0.007606
-0.007641
-0.007676
-0.007711
-0.007746
-0.007782
-0.007818
-0.007854
-0.007891
-0.007927
-0.007964
-0.008001
-0.008037
-0.008074
-0.008110
-0.008146
-0.008182
-0.008218
-0.008253
-0.008288
-0.008322
-0.008356
-0.008390
-0.008423
-0.008455
-0.008487
-0.008518
-0.008548
-0.008577
-0.008606
-0.008634
-0.008660
-0.008686
-0.008711
-0.008735
-0.008757
-0.008778
-0.008799
-0.008818
-0.008835
-0.008852
-0.008867
-0.008881
-0.008893
-0.008904
-0.008913
-0.008921
-0.008927
-0.008932
-0.008935
-0.008937
-0.008937
-0.008935
-0.008931
-0.008926
-0.008919
-0.008911
-0.008900
-0.008888
-0.008874
-0.008858
-0.008840
-0.008820
-0.008798
-0.008775
-0.008750
-0.008722
-0.008693
-0.008662
-0.008629
-0.008594
-0.008557
-0.008519
-0.008478
-0.008435
-0.008391
-0.008345
-0.008296
-0.008246
-0.008194
-0.008140
-0.008085
-0.008027
-0.007968
-0.007907
-0.007844
-0.007779
-0.007712
-0.007644
-0.007575
-0.007503
-0.007430
-0.007355
-0.007279
-0.007201
-0.007121
-0.007041
-0.006958
-0.006874
-0.006789
-0.006703
-0.006615
-0.006526
-0.006435
-0.006344
-0.006251
-0.006157
-0.006063
-0.005967
-0.005870
-0.005772
-0.005673
-0.005574
-0.005473
-0.005372
-0.005271
-0.005168
-0.005065
-0.004962
-0.004858
-0.004753
-0.004648
-0.004543
-0.004437
-0.004331
-0.004225
-0.004119
-0.004013
-0.003907
-0.003801
-0.003695
-0.003588
-0.003483
-0.003377
-0.003272
-0.003167
-0.003062
-0.002958
-0.002854
-0.002751
-0.002649
-0.002547
-0.002446
-0.002345
-0.002246
-0.002147
-0.002049
-0.001952
-0.001856
-0.001761
-0.001667
-0.001574
-0.001483
-0.001393
-0.001304
-0.001216
-0.001129
-0.001044
-0.000961
-0.000878
-0.000798
-0.000719
-0.000641
-0.000565
-0.000491
-0.000418
-0.000347
-0.000278
-0.000211
-0.000145
-0.000081
-0.000019
0.000041
0.000099
0.000156
0.000210
0.000263
0.000313
0.000362
0.000408
0.000453
0.000495
0.000536
0.000574
0.000610
0.000644
0.000677
0.000707
0.000735
0.000761
0.000785
0.000806
0.000826
0.000844
0.000859
0.000873
0.000884
0.000894
0.000901
0.000906
0.000909
0.000911
0.000910
0.000907
0.000903
0.000896
0.000887
0.000877
0.000865
0.000851
0.000835
0.000817
0.000797
0.000776
0.000753
0.000728
0.000702
0.000674
0.000644
0.000613
0.000580
0.000546
0.000510
0.000473
0.000435
0.000395
0.000353
0.000311
0.000267
0.000223
0.000177
0.000129
0.000081
0.000032
-0.000018
-0.000069
-0.000121
-0.000174
-0.000228
-0.000282
-0.000337
-0.000393
-0.000449
-0.000506
-0.000564
-0.000622
-0.000680
-0.000739
-0.000798
-0.000857
-0.000917
-0.000976
-0.001036
-0.001096
-0.001156
-0.001216
-0.001276
-0.001336
-0.001396
-0.001456
-0.001515
-0.001574
-0.001633
-0.001692
-0.001750
-0.001807
-0.001865
-0.001921
-0.001977
-0.002033
-0.002088
-0.002142
-0.002195
-0.002248
-0.002300
-0.002351
-0.002401
-0.002450
-0.002498
-0.002546
-0.002592
-0.002637
-0.002682
-0.002725
-0.002767
-0.002808
-0.002847
-0.002886
-0.002923
-0.002959
-0.002994
-0.003028
-0.003060
-0.003091
-0.003120
-0.003148
-0.003175
-0.003200
-0.003224
-0.003247
-0.003268
-0.003288
-0.003306
-0.003323
-0.003338
-0.003352
-0.003364
-0.003375
-0.003384
-0.003392
-0.003398
-0.003403
-0.003407
-0.003408
-0.003409
-0.003408
-0.003405
-0.003401
-0.003396
-0.003389
-0.003380
-0.003370
-0.003359
-0.003347
-0.003332
-0.003317
-0.003300
-0.003282
-0.003263
-0.003242
-0.003220
-0.003196
-0.003172
-0.003146
-0.003119
-0.003091
-0.003061
-0.003031
-0.002999
-0.002966
-0.002933
-0.002898
-0.002862
-0.002825
-0.002787
-0.002749
-0.002709
-0.002669
-0.002627
-0.002585
-0.002542
-0.002499
-0.002454
-0.002409
-0.002364
-0.002317
-0.002271
-0.002223
-0.002175
-0.002127
-0.002078
-0.002029
-0.001979
-0.001929
-0.001879
-0.001829
-0.001778
-0.001727
-0.001676
-0.001624
-0.001573
-0.001521
-0.001470
-0.001418
-0.001367
-0.001315
-0.001264
-0.001213
-0.001162
-0.001111
-0.001060
-0.001010
-0.000959
-0.000910
-0.000860
-0.000811
-0.000762
-0.000714
-0.000666
-0.000618
-0.000571
-0.000525
-0.000479
-0.000433
-0.000389
-0.000344
-0.000301
-0.000258
-0.000216
-0.000174
-0.000134
-0.000094
-0.000054
-0.000016
0.000022
0.000059
0.000095
0.000130
0.000164
0.000198
0.000231
0.000263
0.000293
0.000323
0.000353
0.000381
0.000408
0.000434
0.000460
0.000484
0.000508
0.000530
0.000552
0.000573
0.000592
0.000611
0.000629
0.000646
0.000662
0.000677
0.000691
0.000704
0.000716
0.000728
0.000738
0.000747
0.000756
0.000764
0.000771
0.000777
0.000782
0.000786
0.000789
0.000792
0.000794
0.000795
0.000795
0.000794
0.000793
0.000791
0.000788
0.000785
0.000781
0.000776
0.000771
0.000765
0.000758
0.000751
0.000743
0.000735
0.000726
0.000716
0.000707
0.000696
0.000685
0.000674
0.000663
0.000651
0.000638
0.000626
0.000613
0.000600
0.000586
0.000572
0.000558
0.000544
0.000530
0.000515
0.000500
0.000486
0.000471
0.000456
0.000441
0.000426
0.000411
0.000396
0.000381
0.000366
0.000351
0.000336
0.000322
0.000307
0.000293
0.000279
0.000265
0.000251
0.000237
0.000224
0.000211
0.000198
0.000186
0.000174
0.000162
0.000150
0.000139
0.000128
0.000118
0.000108
0.000098
0.000089
0.000080
0.000071
0.000063
0.000056
0.000049
0.000042
0.000036
0.000030
0.000025
0.000020
0.000016
0.000012
0.000009
0.000006
0.000004
0.000002
0.000001
0.000000
0.000000
0.000000
0.000001
0.000002
0.000004
0.000006
0.000009
0.000012
0.000016
0.000020
0.000024
0.000030
0.000035
0.000041
0.000047
0.000054
0.000061
0.000069
0.000077
0.000085
0.000094
0.000103
0.000113
0.000122
0.000132
0.000143
0.000153
0.000164
0.000176
0.000187
0.000199
0.000211
0.000223
0.000235
0.000247
0.000260
0.000273
0.000285
0.000298
0.000311
0.000324
0.000337
0.000350
0.000363
0.000376
0.000389
0.000402
0.000415
0.000428
0.000440
0.000453
0.000465
0.000477
0.000489
0.000501
0.000513
0.000524
0.000535
0.000546
0.000556
0.000566
0.000576
0.000585
0.000594
0.000603
0.000611
0.000619
0.000627
0.000633
0.000640
0.000646
0.000651
0.000656
0.000661
0.000665
0.000668
0.000671
0.000673
0.000674
0.000675
0.000676
0.000676
0.000675
0.000673
0.000671
0.000668
0.000664
0.000660
0.000655
0.000650
0.000644
0.000637
0.000629
0.000621
0.000611
0.000602
0.000591
0.000580
0.000568
0.000555
0.000542
0.000528
0.000513
0.000497
0.000481
0.000464
0.000446
0.000428
0.000409
0.000389
0.000369
0.000348
0.000326
0.000304
0.000281
0.000257
0.000233
0.000208
0.000182
0.000156
0.000129
0.000102
0.000074
0.000046
0.000017
-0.000012
-0.000042
-0.000073
-0.000103
-0.000135
-0.000166
-0.000199
-0.000231
-0.000264
-0.000297
-0.000331
-0.000365
-0.000399
-0.000433
-0.000468
-0.000503
-0.000538
-0.000573
-0.000609
-0.000644
-0.000680
-0.000716
-0.000752
-0.000788
-0.000824
-0.000860
-0.000896
-0.000932
-0.000968
-0.001004
-0.001040
-0.001075
-0.001111
-0.001146
-0.001181
-0.001216
-0.001251
-0.001285
-0.001319
-0.001353
-0.001386
-0.001419
-0.001452
-0.001484
-0.001516
-0.001547
-0.001578
-0.001608
-0.001638
-0.001668
-0.001696
-0.001725
-0.001752
-0.001779
-0.001806
-0.001831
-0.001856
-0.001881
-0.001904
-0.001927
-0.001949
-0.001971
-0.001991
-0.002011
-0.002030
-0.002049
-0.002066
-0.002083
-0.002098
-0.002113
-0.002127
-0.002141
-0.002153
-0.002164
-0.002175
-0.002184
-0.002193
-0.002200
-0.002207
-0.002213
-0.002218
-0.002222
-0.002225
-0.002227
-0.002228
-0.002228
-0.002227
-0.002225
-0.002222
-0.002218
-0.002213
-0.002208
-0.002201
-0.002194
-0.002185
-0.002176
-0.002165
-0.002154
-0.002142
-0.002129
-0.002115
-0.002100
-0.002084
-0.002067
-0.002050
-0.002031
-0.002012
-0.001992
-0.001971
-0.001950
-0.001927
-0.001904
-0.001881
-0.001856
-0.001831
-0.001805
-0.001778
-0.001751
-0.001723
-0.001694
-0.001665
-0.001635
-0.001605
-0.001574
-0.001543
-0.001511
-0.001479
-0.001446
-0.001413
-0.001380
-0.001346
-0.001312
-0.001277
-0.001242
-0.001207
-0.001172
-0.001136
-0.001101
-0.001065
-0.001029
-0.000993
-0.000956
-0.000920
-0.000884
-0.000847
-0.000811
-0.000775
-0.000738
-0.000702
-0.000666
-0.000630
-0.000595
-0.000559
-0.000524
-0.000489
-0.000454
-0.000419
-0.000385
-0.000352
-0.000318
-0.000285
-0.000253
-0.000220
-0.000189
-0.000158
-0.000127
-0.000097
-0.000067
-0.000038
-0.000010
0.000018
0.000045
0.000071
0.000097
0.000122
0.000146
0.000170
0.000192
0.000214
0.000235
0.000256
0.000275
0.000294
0.000312
0.000329
0.000345
0.000360
0.000374
0.000387
0.000400
0.000411
0.000421
0.000431
0.000439
0.000447
0.000453
0.000459
0.000463
0.000467
0.000469
0.000471
0.000471
0.000471
0.000469
0.000466
0.000463
0.000458
0.000452
0.000446
0.000438
0.000429
0.000419
0.000408
0.000396
0.000384
0.000370
0.000355
0.000339
0.000322
0.000305
0.000286
0.000266
0.000246
0.000224
0.000202
0.000178
0.000154
0.000129
0.000103
0.000076
0.000048
0.000020
-0.000009
-0.000039
-0.000070
-0.000102
-0.000134
-0.000167
-0.000201
-0.000235
-0.000270
-0.000306
-0.000342
-0.000379
-0.000416
-0.000454
-0.000493
-0.000532
-0.000572
-0.000611
-0.000652
-0.000693
-0.000734
-0.000776
-0.000818
-0.000860
-0.000902
-0.000945
-0.000988
-0.001032
-0.001075
-0.001119
-0.001163
-0.001207
-0.001251
-0.001295
-0.001340
-0.001384
-0.001428
-0.001472
-0.001517
-0.001561
-0.001605
-0.001649
-0.001693
-0.001736
-0.001780
-0.001823
-0.001866
-0.001909
-0.001952
-0.001994
-0.002036
-0.002078
-0.002119
-0.002160
-0.002200
-0.002240
-0.002280
-0.002319
-0.002358
-0.002396
-0.002434
-0.002471
-0.002507
-0.002543
-0.002579
-0.002614
-0.002648
-0.002682
-0.002715
-0.002747
-0.002779
-0.002810
-0.002840
-0.002870
-0.002899
-0.002927
-0.002954
-0.002981
-0.003007
-0.003032
-0.003056
-0.003080
-0.003103
-0.003125
-0.003146
-0.003166
-0.003186
-0.003205
-0.003223
-0.003240
-0.003256
-0.003272
-0.003287
-0.003301
-0.003314
-0.003326
-0.003337
-0.003348
-0.003358
-0.003367
-0.003375
-0.003382
-0.003389
-0.003395
-0.003400
-0.003404
-0.003407
-0.003410
-0.003412
-0.003413
-0.003413
-0.003413
-0.003412
-0.003410
-0.003408
-0.003404
-0.003401
-0.003396
-0.003391
-0.003385
-0.003379
-0.003371
-0.003364
-0.003355
-0.003346
-0.003337
-0.003327
-0.003316
-0.003305
-0.003294
-0.003282
-0.003269
-0.003256
-0.003243
-0.003229
-0.003215
-0.003200
-0.003185
-0.003170
-0.003154
-0.003138
-0.003121
-0.003105
-0.003088
-0.003088
-0.003105
-0.003121
-0.003138
-0.003154
-0.003170
-0.003185
-0.003200
-0.003215
-0.003229
-0.003243
-0.003256
-0.003269
-0.003282
-0.003294
-0.003305
-0.003316
-0.003327
-0.003337
-0.003346
-0.003355
-0.003364
-0.003371
-0.003379
-0.003385
-0.003391
-0.003396
-0.003401
-0.003404
-0.003408
-0.003410
-0.003412
-0.003413
-0.003413
-0.003413
-0.003412
-0.003410
-0.003407
-0.003404
-0.003400
-0.003395
-0.003389
-0.003382
-0.003375
-0.003367
-0.003358
-0.003348
-0.003337
-0.003326
-0.003314
-0.003301
-0.003287
-0.003272
-0.003256
-0.003240
-0.003223
-0.003205
-0.003186
-0.003166
-0.003146
-0.003125
-0.003103
-0.003080
-0.003056
-0.003032
-0.003007
-0.002981
-0.002954
-0.002927
-0.002899
-0.002870
-0.002840
-0.002810
-0.002779
-0.002747
-0.002715
-0.002682
-0.002648
-0.002614
-0.002579
-0.002543
-0.002507
-0.002471
-0.002434
-0.002396
-0.002358
-0.002319
-0.002280
-0.002240
-0.002200
-0.002160
-0.002119
-0.002078
-0.002036
-0.001994
-0.001952
-0.001909
-0.001866
-0.001823
-0.001780
-0.001736
-0.001693
-0.001649
-0.001605
-0.001561
-0.001517
-0.001472
-0.001428
-0.001384
-0.001340
-0.001295
-0.001251
-0.001207
-0.001163
-0.001119
-0.001075
-0.001032
-0.000988
-0.000945
-0.000902
-0.000860
-0.000818
-0.000776
-0.000734
-0.000693
-0.000652
-0.000611
-0.000572
-0.000532
-0.000493
-0.000454
-0.000416
-0.000379
-0.000342
-0.000306
-0.000270
-0.000235
-0.000201
-0.000167
-0.000134
-0.000102
-0.000070
-0.000039
-0.000009
0.000020
0.000048
0.000076
0.000103
0.000129
0.000154
0.000178
0.000202
0.000224
0.000246
0.000266
0.000286
0.000305
0.000322
0.000339
0.000355
0.000370
0.000384
0.000396
0.000408
0.000419
0.000429
0.000438
0.000446
0.000452
0.000458
0.000463
0.000466
0.000469
0.000471
0.000471
0.000471
0.000469
0.000467
0.000463
0.000459
0.000453
0.000447
0.000439
0.000431
0.000421
0.000411
0.000400
0.000387
0.000374
0.000360
0.000345
0.000329
0.000312
0.000294
0.000275
0.000256
0.000235
0.000214
0.000192
0.000170
0.000146
0.000122
0.000097
0.000071
0.000045
0.000018
-0.000010
-0.000038
-0.000067
-0.000097
-0.000127
-0.000158
-0.000189
-0.000220
-0.000253
-0.000285
-0.000318
-0.000352
-0.000385
-0.000419
-0.000454
-0.000489
-0.000524
-0.000559
-0.000595
-0.000630
-0.000666
-0.000702
-0.000738
-0.000775
-0.000811
-0.000847
-0.000884
-0.000920
-0.000956
-0.000993
-0.001029
-0.001065
-0.001101
-0.001136
-0.001172
-0.001207
-0.001242
-0.001277
-0.001312
-0.001346
-0.001380
-0.001413
-0.001446
-0.001479
-0.001511
-0.001543
-0.001574
-0.001605
-0.001635
-0.001665
-0.001694
-0.001723
-0.001751
-0.001778
-0.001805
-0.001831
-0.001856
-0.001881
-0.001904
-0.001927
-0.001950
-0.001971
-0.001992
-0.002012
-0.002031
-0.002050
-0.002067
-0.002084
-0.002100
-0.002115
-0.002129
-0.002142
-0.002154
-0.002165
-0.002176
-0.002185
-0.002194
-0.002201
-0.002208
-0.002213
-0.002218
-0.002222
-0.002225
-0.002227
-0.002228
-0.002228
-0.002227
-0.002225
-0.002222
-0.002218
-0.002213
-0.002207
-0.002200
-0.002193
-0.002184
-0.002175
-0.002164
-0.002153
-0.002141
-0.002127
-0.002113
-0.002098
-0.002083
-0.002066
-0.002049
-0.002030
-0.002011
-0.001991
-0.001971
-0.001949
-0.001927
-0.001904
-0.001881
-0.001856
-0.001831
-0.001806
-0.001779
-0.001752
-0.001725
-0.001696
-0.001668
-0.001638
-0.001608
-0.001578
-0.001547
-0.001516
-0.001484
-0.001452
-0.001419
-0.001386
-0.001353
-0.001319
-0.001285
-0.001251
-0.001216
-0.001181
-0.001146
-0.001111
-0.001075
-0.001040
-0.001004
-0.000968
-0.000932
-0.000896
-0.000860
-0.000824
-0.000788
-0.000752
-0.000716
-0.000680
-0.000644
-0.000609
-0.000573
-0.000538
-0.000503
-0.000468
-0.000433
-0.000399
-0.000365
-0.000331
-0.000297
-0.000264
-0.000231
-0.000199
-0.000166
-0.000135
-0.000103
-0.000073
-0.000042
-0.000012
0.000017
0.000046
0.000074
0.000102
0.000129
0.000156
0.000182
0.000208
0.000233
0.000257
0.000281
0.000304
0.000326
0.000348
0.000369
0.000389
0.000409
0.000428
0.000446
0.000464
0.000481
0.000497
0.000513
0.000528
0.000542
0.000555
0.000568
0.000580
0.000591
0.000602
0.000611
0.000621
0.000629
0.000637
0.000644
0.000650
0.000655
0.000660
0.000664
0.000668
0.000671
0.000673
0.000675
0.000676
0.000676
0.000675
0.000674
0.000673
0.000671
0.000668
0.000665
0.000661
0.000656
0.000651
0.000646
0.000640
0.000633
0.000627
0.000619
0.000611
0.000603
0.000594
0.000585
0.000576
0.000566
0.000556
0.000546
0.000535
0.000524
0.000513
0.000501
0.000489
0.000477
0.000465
0.000453
0.000440
0.000428
0.000415
0.000402
0.000389
0.000376
0.000363
0.000350
0.000337
0.000324
0.000311
0.000298
0.000285
0.000273
0.000260
0.000247
0.000235
0.000223
0.000211
0.000199
0.000187
0.000176
0.000164
0.000153
0.000143
0.000132
0.000122
0.000113
0.000103
0.000094
0.000085
0.000077
0.000069
0.000061
0.000054
0.000047
0.000041
0.000035
0.000030
0.000024
0.000020
0.000016
0.000012
0.000009
0.000006
0.000004
0.000002
0.000001
0.000000
